0 28.000000 20.000000 2.000000 3.000000 1.485628e+18
1 28.000000 20.000000 2.000000 3.000000 1.485628e+18
2 30.000000 19.000000 3.000000 2.000000 1.478241e+18
3 27.000000 20.000000 0.000000 2.000000 1.497202e+18
4 26.000000 25.000000 5.000000 3.000000 1.488668e+18
5 25.000000 30.000000 2.000000 4.000000 1.471039e+18
6 25.000000 26.000000 0.000000 4.000000 1.473197e+18
7 25.000000 26.000000 0.000000 4.000000 1.473197e+18
8 26.000000 26.000000 0.000000 5.000000 1.494723e+18
9 26.000000 30.000000 0.000000 4.000000 1.460703e+18
10 26.000000 30.000000 0.000000 4.000000 1.460703e+18
11 30.000000 32.000000 0.000000 3.000000 1.459767e+18
12 28.000000 33.000000 2.000000 3.000000 1.432802e+18
13 31.000000 36.000000 5.000000 2.000000 1.449188e+18
14 27.000000 34.000000 5.000000 3.000000 1.431887e+18
15 26.000000 31.000000 7.000000 3.000000 1.497870e+18
16 28.000000 35.000000 11.000000 4.000000 1.433285e+18
17 26.000000 38.000000 14.000000 5.000000 1.414821e+18
18 26.000000 38.000000 14.000000 5.000000 1.414821e+18
19 27.000000 38.000000 16.000000 5.000000 1.406355e+18
20 27.000000 38.000000 16.000000 5.000000 1.406355e+18
21 27.000000 38.000000 16.000000 5.000000 1.406355e+18
22 27.000000 38.000000 16.000000 5.000000 1.406355e+18
23 27.000000 38.000000 16.000000 5.000000 1.406355e+18
24 27.000000 38.000000 16.000000 5.000000 1.406355e+18
25 27.000000 38.000000 16.000000 5.000000 1.406355e+18
26 27.000000 38.000000 16.000000 5.000000 1.406355e+18
27 27.000000 38.000000 16.000000 5.000000 1.406355e+18
28 27.000000 38.000000 16.000000 5.000000 1.406355e+18
29 27.000000 36.000000 13.000000 4.000000 1.391247e+18
30 29.000000 38.000000 16.000000 4.000000 1.433463e+18
31 27.000000 34.000000 15.000000 4.000000 1.410423e+18
32 28.000000 34.000000 13.000000 3.000000 1.425330e+18
33 28.000000 34.000000 13.000000 3.000000 1.425330e+18
34 28.000000 34.000000 13.000000 3.000000 1.425330e+18
35 28.000000 34.000000 13.000000 3.000000 1.425330e+18
36 28.000000 36.000000 12.000000 3.000000 1.424419e+18
37 28.000000 36.000000 12.000000 3.000000 1.424419e+18
38 28.000000 36.000000 12.000000 3.000000 1.424419e+18
39 29.000000 40.000000 15.000000 4.000000 1.473489e+18
40 28.000000 36.000000 15.000000 4.000000 1.399646e+18
41 28.000000 36.000000 15.000000 4.000000 1.399646e+18
42 28.000000 36.000000 15.000000 4.000000 1.399646e+18
43 28.000000 36.000000 15.000000 4.000000 1.399646e+18
44 28.000000 36.000000 15.000000 4.000000 1.399646e+18
45 28.000000 36.000000 15.000000 4.000000 1.399646e+18
46 29.000000 36.000000 16.000000 3.000000 1.419120e+18
47 29.000000 36.000000 16.000000 3.000000 1.419120e+18
48 29.000000 36.000000 16.000000 3.000000 1.419120e+18
49 29.000000 36.000000 16.000000 3.000000 1.419120e+18
50 27.000000 36.000000 16.000000 4.000000 1.414369e+18
51 27.000000 36.000000 16.000000 4.000000 1.414369e+18
52 28.000000 34.000000 14.000000 4.000000 1.431353e+18
53 26.000000 36.000000 12.000000 5.000000 1.421306e+18
54 26.000000 40.000000 14.000000 5.000000 1.439779e+18
55 26.000000 43.000000 14.000000 4.000000 1.470980e+18
56 27.000000 48.000000 16.000000 4.000000 1.477107e+18
57 28.000000 48.000000 16.000000 5.000000 1.488308e+18
58 29.000000 45.000000 16.000000 4.000000 1.459176e+18
59 26.000000 41.000000 16.000000 5.000000 1.448671e+18
60 26.000000 40.000000 16.000000 6.000000 1.442443e+18
61 24.000000 37.000000 15.000000 6.000000 1.431403e+18
62 25.000000 32.000000 16.000000 5.000000 1.451134e+18
63 25.000000 32.000000 16.000000 5.000000 1.451134e+18
64 25.000000 31.000000 16.000000 6.000000 1.455837e+18
65 25.000000 31.000000 16.000000 6.000000 1.455837e+18
66 24.000000 35.000000 16.000000 7.000000 1.392519e+18
67 24.000000 35.000000 16.000000 7.000000 1.392519e+18
68 24.000000 35.000000 16.000000 7.000000 1.392519e+18
69 24.000000 35.000000 16.000000 7.000000 1.392519e+18
70 24.000000 35.000000 16.000000 7.000000 1.392519e+18
71 24.000000 35.000000 16.000000 7.000000 1.392519e+18
72 24.000000 34.000000 14.000000 7.000000 1.448943e+18
73 22.000000 32.000000 16.000000 7.000000 1.459748e+18
74 22.000000 28.000000 16.000000 8.000000 1.426209e+18
75 22.000000 28.000000 16.000000 8.000000 1.426209e+18
76 22.000000 28.000000 16.000000 8.000000 1.426209e+18
77 22.000000 28.000000 16.000000 8.000000 1.426209e+18
78 24.000000 27.000000 13.000000 7.000000 1.402247e+18
79 24.000000 27.000000 13.000000 7.000000 1.402247e+18
80 24.000000 27.000000 13.000000 7.000000 1.402247e+18
81 24.000000 27.000000 13.000000 7.000000 1.402247e+18
82 24.000000 27.000000 13.000000 7.000000 1.402247e+18
83 24.000000 27.000000 13.000000 7.000000 1.402247e+18
84 24.000000 27.000000 13.000000 7.000000 1.402247e+18
85 19.000000 29.000000 11.000000 8.000000 1.470783e+18
86 15.000000 32.000000 9.000000 8.000000 1.483612e+18
87 12.000000 29.000000 12.000000 8.000000 1.494049e+18
88 14.000000 31.000000 11.000000 7.000000 1.474390e+18
89 18.000000 33.000000 11.000000 8.000000 1.491061e+18
90 21.000000 34.000000 14.000000 9.000000 1.441183e+18
91 21.000000 30.000000 16.000000 9.000000 1.437882e+18
92 21.000000 30.000000 16.000000 9.000000 1.437882e+18
93 22.000000 33.000000 16.000000 8.000000 1.429806e+18
94 23.000000 38.000000 12.000000 7.000000 1.364676e+18
95 23.000000 38.000000 12.000000 7.000000 1.364676e+18
96 23.000000 39.000000 11.000000 7.000000 1.382503e+18
97 23.000000 39.000000 11.000000 7.000000 1.382503e+18
98 26.000000 37.000000 13.000000 6.000000 1.447004e+18
99 25.000000 37.000000 16.000000 5.000000 1.448924e+18
100 25.000000 34.000000 16.000000 6.000000 1.419446e+18
101 26.000000 38.000000 13.000000 5.000000 1.420524e+18
102 26.000000 38.000000 13.000000 5.000000 1.420524e+18
103 26.000000 37.000000 12.000000 5.000000 1.426903e+18
104 23.000000 34.000000 13.000000 5.000000 1.504798e+18
105 25.000000 30.000000 12.000000 4.000000 1.492036e+18
106 28.000000 35.000000 16.000000 3.000000 1.433159e+18
107 28.000000 35.000000 16.000000 3.000000 1.433159e+18
108 28.000000 38.000000 13.000000 4.000000 1.401616e+18
109 28.000000 38.000000 13.000000 4.000000 1.401616e+18
110 28.000000 38.000000 13.000000 4.000000 1.401616e+18
111 28.000000 38.000000 13.000000 4.000000 1.401616e+18
112 28.000000 38.000000 13.000000 4.000000 1.401616e+18
113 28.000000 38.000000 13.000000 4.000000 1.401616e+18
114 28.000000 34.000000 15.000000 3.000000 1.424618e+18
115 27.000000 36.000000 16.000000 4.000000 1.414369e+18
116 27.000000 36.000000 16.000000 4.000000 1.414369e+18
117 27.000000 36.000000 16.000000 4.000000 1.414369e+18
118 27.000000 38.000000 13.000000 5.000000 1.420581e+18
119 27.000000 38.000000 13.000000 5.000000 1.420581e+18
120 27.000000 38.000000 13.000000 5.000000 1.420581e+18
121 25.000000 35.000000 14.000000 6.000000 1.385986e+18
122 25.000000 39.000000 10.000000 7.000000 1.349079e+18
123 25.000000 39.000000 10.000000 7.000000 1.349079e+18
124 25.000000 39.000000 10.000000 7.000000 1.349079e+18
125 25.000000 39.000000 10.000000 7.000000 1.349079e+18
126 25.000000 39.000000 10.000000 7.000000 1.349079e+18
127 25.000000 39.000000 10.000000 7.000000 1.349079e+18
128 25.000000 39.000000 10.000000 7.000000 1.349079e+18
129 23.000000 38.000000 9.000000 7.000000 1.385481e+18
130 23.000000 38.000000 9.000000 7.000000 1.385481e+18
131 23.000000 38.000000 9.000000 7.000000 1.385481e+18
132 23.000000 38.000000 9.000000 7.000000 1.385481e+18
133 23.000000 38.000000 9.000000 7.000000 1.385481e+18
134 23.000000 38.000000 9.000000 7.000000 1.385481e+18
135 23.000000 38.000000 9.000000 7.000000 1.385481e+18
136 23.000000 38.000000 9.000000 7.000000 1.385481e+18
137 23.000000 38.000000 9.000000 7.000000 1.385481e+18
138 24.000000 40.000000 6.000000 7.000000 1.378877e+18
139 24.000000 40.000000 6.000000 7.000000 1.378877e+18
140 24.000000 40.000000 6.000000 7.000000 1.378877e+18
141 24.000000 40.000000 6.000000 7.000000 1.378877e+18
142 24.000000 40.000000 6.000000 7.000000 1.378877e+18
143 24.000000 40.000000 6.000000 7.000000 1.378877e+18
144 23.000000 39.000000 6.000000 7.000000 1.401554e+18
145 23.000000 39.000000 6.000000 7.000000 1.401554e+18
146 25.000000 40.000000 5.000000 7.000000 1.412918e+18
147 25.000000 40.000000 5.000000 7.000000 1.412918e+18
148 25.000000 40.000000 5.000000 7.000000 1.412918e+18
149 25.000000 40.000000 5.000000 7.000000 1.412918e+18
150 25.000000 40.000000 5.000000 7.000000 1.412918e+18
151 25.000000 40.000000 5.000000 7.000000 1.412918e+18
152 25.000000 40.000000 5.000000 7.000000 1.412918e+18
153 25.000000 40.000000 5.000000 7.000000 1.412918e+18
154 25.000000 40.000000 5.000000 7.000000 1.412918e+18
155 25.000000 40.000000 5.000000 7.000000 1.412918e+18
156 25.000000 40.000000 5.000000 7.000000 1.412918e+18
157 25.000000 40.000000 5.000000 7.000000 1.412918e+18
158 25.000000 40.000000 5.000000 7.000000 1.412918e+18
159 25.000000 40.000000 5.000000 7.000000 1.412918e+18
160 25.000000 40.000000 5.000000 7.000000 1.412918e+18
161 25.000000 40.000000 5.000000 7.000000 1.412918e+18
162 24.000000 39.000000 5.000000 7.000000 1.363418e+18
163 24.000000 39.000000 5.000000 7.000000 1.363418e+18
164 24.000000 39.000000 5.000000 7.000000 1.363418e+18
165 24.000000 39.000000 5.000000 7.000000 1.363418e+18
166 24.000000 39.000000 5.000000 7.000000 1.363418e+18
167 24.000000 39.000000 5.000000 7.000000 1.363418e+18
168 24.000000 39.000000 5.000000 7.000000 1.363418e+18
169 24.000000 39.000000 5.000000 7.000000 1.363418e+18
170 24.000000 39.000000 5.000000 7.000000 1.363418e+18
171 24.000000 39.000000 5.000000 7.000000 1.363418e+18
172 24.000000 39.000000 5.000000 7.000000 1.363418e+18
173 24.000000 39.000000 5.000000 7.000000 1.363418e+18
174 24.000000 39.000000 5.000000 7.000000 1.363418e+18
175 24.000000 39.000000 5.000000 7.000000 1.363418e+18
176 24.000000 39.000000 5.000000 7.000000 1.363418e+18
177 24.000000 39.000000 5.000000 7.000000 1.363418e+18
178 24.000000 40.000000 7.000000 7.000000 1.368665e+18
179 24.000000 40.000000 7.000000 7.000000 1.368665e+18
180 24.000000 40.000000 7.000000 7.000000 1.368665e+18
181 24.000000 40.000000 7.000000 7.000000 1.368665e+18
182 24.000000 40.000000 7.000000 7.000000 1.368665e+18
183 24.000000 40.000000 7.000000 7.000000 1.368665e+18
184 24.000000 40.000000 7.000000 7.000000 1.368665e+18
185 24.000000 40.000000 7.000000 7.000000 1.368665e+18
186 24.000000 40.000000 7.000000 7.000000 1.368665e+18
187 24.000000 40.000000 7.000000 7.000000 1.368665e+18
188 24.000000 40.000000 7.000000 7.000000 1.368665e+18
189 24.000000 40.000000 7.000000 7.000000 1.368665e+18
190 24.000000 40.000000 7.000000 7.000000 1.368665e+18
191 24.000000 37.000000 5.000000 7.000000 1.347441e+18
192 24.000000 37.000000 5.000000 7.000000 1.347441e+18
193 24.000000 35.000000 5.000000 7.000000 1.345317e+18
194 24.000000 35.000000 5.000000 7.000000 1.345317e+18
195 24.000000 35.000000 5.000000 7.000000 1.345317e+18
196 24.000000 35.000000 5.000000 7.000000 1.345317e+18
197 24.000000 35.000000 5.000000 7.000000 1.345317e+18
198 24.000000 35.000000 5.000000 7.000000 1.345317e+18
199 24.000000 35.000000 5.000000 7.000000 1.345317e+18
200 24.000000 35.000000 5.000000 7.000000 1.345317e+18
201 24.000000 35.000000 5.000000 7.000000 1.345317e+18
202 24.000000 35.000000 5.000000 7.000000 1.345317e+18
203 24.000000 35.000000 5.000000 7.000000 1.345317e+18
204 24.000000 35.000000 5.000000 7.000000 1.345317e+18
205 24.000000 35.000000 5.000000 7.000000 1.345317e+18
206 24.000000 35.000000 5.000000 7.000000 1.345317e+18
207 24.000000 35.000000 5.000000 7.000000 1.345317e+18
208 24.000000 35.000000 5.000000 7.000000 1.345317e+18
209 24.000000 35.000000 5.000000 7.000000 1.345317e+18
210 24.000000 35.000000 5.000000 7.000000 1.345317e+18
211 24.000000 35.000000 5.000000 7.000000 1.345317e+18
212 24.000000 35.000000 5.000000 7.000000 1.345317e+18
213 24.000000 35.000000 5.000000 7.000000 1.345317e+18
214 24.000000 35.000000 5.000000 7.000000 1.345317e+18
215 24.000000 35.000000 5.000000 7.000000 1.345317e+18
216 24.000000 35.000000 5.000000 7.000000 1.345317e+18
217 23.000000 35.000000 9.000000 7.000000 1.379223e+18
218 23.000000 35.000000 9.000000 7.000000 1.379223e+18
219 23.000000 35.000000 9.000000 7.000000 1.379223e+18
220 24.000000 31.000000 5.000000 7.000000 1.354349e+18
221 24.000000 31.000000 5.000000 7.000000 1.354349e+18
222 24.000000 31.000000 5.000000 7.000000 1.354349e+18
223 24.000000 31.000000 5.000000 7.000000 1.354349e+18
224 24.000000 31.000000 5.000000 7.000000 1.354349e+18
225 24.000000 31.000000 5.000000 7.000000 1.354349e+18
226 24.000000 31.000000 5.000000 7.000000 1.354349e+18
227 24.000000 31.000000 5.000000 7.000000 1.354349e+18
228 24.000000 31.000000 5.000000 7.000000 1.354349e+18
229 24.000000 31.000000 5.000000 7.000000 1.354349e+18
230 24.000000 31.000000 5.000000 7.000000 1.354349e+18
231 24.000000 31.000000 5.000000 7.000000 1.354349e+18
232 24.000000 31.000000 5.000000 7.000000 1.354349e+18
233 24.000000 31.000000 5.000000 7.000000 1.354349e+18
234 24.000000 31.000000 5.000000 7.000000 1.354349e+18
235 24.000000 31.000000 5.000000 7.000000 1.354349e+18
236 24.000000 31.000000 5.000000 7.000000 1.354349e+18
237 24.000000 31.000000 5.000000 7.000000 1.354349e+18
238 24.000000 31.000000 5.000000 7.000000 1.354349e+18
239 24.000000 31.000000 5.000000 7.000000 1.354349e+18
240 24.000000 31.000000 5.000000 7.000000 1.354349e+18
241 24.000000 31.000000 5.000000 7.000000 1.354349e+18
242 24.000000 31.000000 5.000000 7.000000 1.354349e+18
243 24.000000 34.000000 6.000000 7.000000 1.289920e+18
244 24.000000 34.000000 6.000000 7.000000 1.289920e+18
245 24.000000 34.000000 6.000000 7.000000 1.289920e+18
246 24.000000 34.000000 6.000000 7.000000 1.289920e+18
247 24.000000 34.000000 6.000000 7.000000 1.289920e+18
248 24.000000 34.000000 6.000000 7.000000 1.289920e+18
249 24.000000 34.000000 6.000000 7.000000 1.289920e+18
250 24.000000 34.000000 6.000000 7.000000 1.289920e+18
251 24.000000 34.000000 6.000000 7.000000 1.289920e+18
252 24.000000 34.000000 6.000000 7.000000 1.289920e+18
253 24.000000 34.000000 6.000000 7.000000 1.289920e+18
254 24.000000 34.000000 6.000000 7.000000 1.289920e+18
255 25.000000 29.000000 8.000000 7.000000 1.236938e+18
256 25.000000 29.000000 8.000000 7.000000 1.236938e+18
257 25.000000 29.000000 8.000000 7.000000 1.236938e+18
258 25.000000 29.000000 8.000000 7.000000 1.236938e+18
259 25.000000 29.000000 8.000000 7.000000 1.236938e+18
260 25.000000 29.000000 8.000000 7.000000 1.236938e+18
261 25.000000 29.000000 8.000000 7.000000 1.236938e+18
262 25.000000 29.000000 8.000000 7.000000 1.236938e+18
263 25.000000 29.000000 8.000000 7.000000 1.236938e+18
264 25.000000 29.000000 8.000000 7.000000 1.236938e+18
265 25.000000 29.000000 8.000000 7.000000 1.236938e+18
266 25.000000 29.000000 8.000000 7.000000 1.236938e+18
267 25.000000 29.000000 8.000000 7.000000 1.236938e+18
268 25.000000 29.000000 8.000000 7.000000 1.236938e+18
269 25.000000 29.000000 8.000000 7.000000 1.236938e+18
270 25.000000 29.000000 8.000000 7.000000 1.236938e+18
271 25.000000 29.000000 8.000000 7.000000 1.236938e+18
272 25.000000 29.000000 8.000000 7.000000 1.236938e+18
273 25.000000 29.000000 8.000000 7.000000 1.236938e+18
274 25.000000 29.000000 8.000000 7.000000 1.236938e+18
275 25.000000 29.000000 8.000000 7.000000 1.236938e+18
276 25.000000 29.000000 8.000000 7.000000 1.236938e+18
277 25.000000 29.000000 8.000000 7.000000 1.236938e+18
278 25.000000 29.000000 8.000000 7.000000 1.236938e+18
279 25.000000 29.000000 8.000000 7.000000 1.236938e+18
280 25.000000 29.000000 8.000000 7.000000 1.236938e+18
281 25.000000 29.000000 8.000000 7.000000 1.236938e+18
282 25.000000 29.000000 8.000000 7.000000 1.236938e+18
283 25.000000 29.000000 8.000000 7.000000 1.236938e+18
284 25.000000 29.000000 8.000000 7.000000 1.236938e+18
285 25.000000 29.000000 8.000000 7.000000 1.236938e+18
286 25.000000 29.000000 8.000000 7.000000 1.236938e+18
287 25.000000 29.000000 8.000000 7.000000 1.236938e+18
288 25.000000 29.000000 8.000000 7.000000 1.236938e+18
289 25.000000 29.000000 8.000000 7.000000 1.236938e+18
290 25.000000 29.000000 8.000000 7.000000 1.236938e+18
291 25.000000 29.000000 8.000000 7.000000 1.236938e+18
292 25.000000 29.000000 8.000000 7.000000 1.236938e+18
293 25.000000 29.000000 8.000000 7.000000 1.236938e+18
294 25.000000 29.000000 8.000000 7.000000 1.236938e+18
295 25.000000 29.000000 8.000000 7.000000 1.236938e+18
296 25.000000 29.000000 8.000000 7.000000 1.236938e+18
297 25.000000 29.000000 8.000000 7.000000 1.236938e+18
298 25.000000 29.000000 8.000000 7.000000 1.236938e+18
299 25.000000 29.000000 8.000000 7.000000 1.236938e+18
300 25.000000 29.000000 8.000000 7.000000 1.236938e+18
301 25.000000 29.000000 8.000000 7.000000 1.236938e+18
302 25.000000 29.000000 8.000000 7.000000 1.236938e+18
303 25.000000 29.000000 8.000000 7.000000 1.236938e+18
304 25.000000 29.000000 8.000000 7.000000 1.236938e+18
305 25.000000 29.000000 8.000000 7.000000 1.236938e+18
306 25.000000 29.000000 8.000000 7.000000 1.236938e+18
307 25.000000 29.000000 8.000000 7.000000 1.236938e+18
308 25.000000 29.000000 8.000000 7.000000 1.236938e+18
309 25.000000 29.000000 8.000000 7.000000 1.236938e+18
310 25.000000 29.000000 8.000000 7.000000 1.236938e+18
311 25.000000 29.000000 8.000000 7.000000 1.236938e+18
312 25.000000 29.000000 8.000000 7.000000 1.236938e+18
313 25.000000 29.000000 8.000000 7.000000 1.236938e+18
314 25.000000 29.000000 8.000000 7.000000 1.236938e+18
315 25.000000 31.000000 11.000000 7.000000 1.264807e+18
316 25.000000 31.000000 11.000000 7.000000 1.264807e+18
317 25.000000 31.000000 11.000000 7.000000 1.264807e+18
318 25.000000 31.000000 11.000000 7.000000 1.264807e+18
319 25.000000 32.000000 7.000000 7.000000 1.291804e+18
320 25.000000 32.000000 7.000000 7.000000 1.291804e+18
321 25.000000 32.000000 7.000000 7.000000 1.291804e+18
322 25.000000 32.000000 7.000000 7.000000 1.291804e+18
323 25.000000 32.000000 7.000000 7.000000 1.291804e+18
324 25.000000 32.000000 7.000000 7.000000 1.291804e+18
325 25.000000 32.000000 7.000000 7.000000 1.291804e+18
326 25.000000 30.000000 9.000000 7.000000 1.196752e+18
327 25.000000 30.000000 9.000000 7.000000 1.196752e+18
328 25.000000 30.000000 9.000000 7.000000 1.196752e+18
329 25.000000 30.000000 9.000000 7.000000 1.196752e+18
330 25.000000 30.000000 9.000000 7.000000 1.196752e+18
331 25.000000 30.000000 9.000000 7.000000 1.196752e+18
332 25.000000 30.000000 9.000000 7.000000 1.196752e+18
333 25.000000 30.000000 9.000000 7.000000 1.196752e+18
334 25.000000 30.000000 9.000000 7.000000 1.196752e+18
335 25.000000 30.000000 9.000000 7.000000 1.196752e+18
336 25.000000 30.000000 9.000000 7.000000 1.196752e+18
337 25.000000 30.000000 9.000000 7.000000 1.196752e+18
338 25.000000 30.000000 9.000000 7.000000 1.196752e+18
339 25.000000 30.000000 9.000000 7.000000 1.196752e+18
340 25.000000 30.000000 9.000000 7.000000 1.196752e+18
341 25.000000 30.000000 9.000000 7.000000 1.196752e+18
342 25.000000 30.000000 9.000000 7.000000 1.196752e+18
343 25.000000 30.000000 9.000000 7.000000 1.196752e+18
344 25.000000 30.000000 9.000000 7.000000 1.196752e+18
345 25.000000 30.000000 9.000000 7.000000 1.196752e+18
346 25.000000 30.000000 9.000000 7.000000 1.196752e+18
347 25.000000 30.000000 9.000000 7.000000 1.196752e+18
348 25.000000 30.000000 9.000000 7.000000 1.196752e+18
349 25.000000 30.000000 9.000000 7.000000 1.196752e+18
350 25.000000 30.000000 9.000000 7.000000 1.196752e+18
351 25.000000 30.000000 9.000000 7.000000 1.196752e+18
352 25.000000 30.000000 9.000000 7.000000 1.196752e+18
353 25.000000 30.000000 9.000000 7.000000 1.196752e+18
354 25.000000 30.000000 9.000000 7.000000 1.196752e+18
355 25.000000 30.000000 9.000000 7.000000 1.196752e+18
356 25.000000 30.000000 9.000000 7.000000 1.196752e+18
357 25.000000 30.000000 9.000000 7.000000 1.196752e+18
358 25.000000 30.000000 9.000000 7.000000 1.196752e+18
359 25.000000 30.000000 9.000000 7.000000 1.196752e+18
360 25.000000 30.000000 9.000000 7.000000 1.196752e+18
361 25.000000 30.000000 9.000000 7.000000 1.196752e+18
362 25.000000 30.000000 9.000000 7.000000 1.196752e+18
363 25.000000 30.000000 9.000000 7.000000 1.196752e+18
364 25.000000 30.000000 9.000000 7.000000 1.196752e+18
365 25.000000 30.000000 9.000000 7.000000 1.196752e+18
366 25.000000 30.000000 9.000000 7.000000 1.196752e+18
367 25.000000 30.000000 9.000000 7.000000 1.196752e+18
368 25.000000 30.000000 9.000000 7.000000 1.196752e+18
369 25.000000 30.000000 9.000000 7.000000 1.196752e+18
370 25.000000 30.000000 9.000000 7.000000 1.196752e+18
371 25.000000 30.000000 9.000000 7.000000 1.196752e+18
372 25.000000 30.000000 9.000000 7.000000 1.196752e+18
373 25.000000 30.000000 9.000000 7.000000 1.196752e+18
374 25.000000 30.000000 9.000000 7.000000 1.196752e+18
375 25.000000 30.000000 9.000000 7.000000 1.196752e+18
376 25.000000 30.000000 9.000000 7.000000 1.196752e+18
377 25.000000 30.000000 9.000000 7.000000 1.196752e+18
378 25.000000 30.000000 9.000000 7.000000 1.196752e+18
379 25.000000 30.000000 9.000000 7.000000 1.196752e+18
380 25.000000 30.000000 9.000000 7.000000 1.196752e+18
381 25.000000 30.000000 9.000000 7.000000 1.196752e+18
382 25.000000 30.000000 9.000000 7.000000 1.196752e+18
383 25.000000 30.000000 9.000000 7.000000 1.196752e+18
384 25.000000 30.000000 9.000000 7.000000 1.196752e+18
385 25.000000 30.000000 9.000000 7.000000 1.196752e+18
386 25.000000 30.000000 9.000000 7.000000 1.196752e+18
387 25.000000 30.000000 9.000000 7.000000 1.196752e+18
388 25.000000 30.000000 9.000000 7.000000 1.196752e+18
389 25.000000 30.000000 9.000000 7.000000 1.196752e+18
390 25.000000 30.000000 9.000000 7.000000 1.196752e+18
391 25.000000 30.000000 9.000000 7.000000 1.196752e+18
392 25.000000 30.000000 9.000000 7.000000 1.196752e+18
393 25.000000 30.000000 9.000000 7.000000 1.196752e+18
394 25.000000 30.000000 9.000000 7.000000 1.196752e+18
395 25.000000 30.000000 9.000000 7.000000 1.196752e+18
396 25.000000 30.000000 9.000000 7.000000 1.196752e+18
397 25.000000 30.000000 9.000000 7.000000 1.196752e+18
398 25.000000 30.000000 9.000000 7.000000 1.196752e+18
399 25.000000 30.000000 9.000000 7.000000 1.196752e+18
400 25.000000 30.000000 9.000000 7.000000 1.196752e+18
401 25.000000 30.000000 9.000000 7.000000 1.196752e+18
402 25.000000 30.000000 9.000000 7.000000 1.196752e+18
403 25.000000 30.000000 9.000000 7.000000 1.196752e+18
404 25.000000 30.000000 9.000000 7.000000 1.196752e+18
405 25.000000 30.000000 9.000000 7.000000 1.196752e+18
406 25.000000 30.000000 9.000000 7.000000 1.196752e+18
407 25.000000 30.000000 8.000000 7.000000 1.195635e+18
408 25.000000 30.000000 8.000000 7.000000 1.195635e+18
409 25.000000 30.000000 8.000000 7.000000 1.195635e+18
410 25.000000 30.000000 8.000000 7.000000 1.195635e+18
411 25.000000 30.000000 8.000000 7.000000 1.195635e+18
412 25.000000 30.000000 8.000000 7.000000 1.195635e+18
413 25.000000 30.000000 8.000000 7.000000 1.195635e+18
414 25.000000 30.000000 8.000000 7.000000 1.195635e+18
415 25.000000 30.000000 8.000000 7.000000 1.195635e+18
416 25.000000 30.000000 8.000000 7.000000 1.195635e+18
417 25.000000 30.000000 8.000000 7.000000 1.195635e+18
418 25.000000 30.000000 8.000000 7.000000 1.195635e+18
419 25.000000 30.000000 8.000000 7.000000 1.195635e+18
420 25.000000 30.000000 8.000000 7.000000 1.195635e+18
421 25.000000 30.000000 8.000000 7.000000 1.195635e+18
422 25.000000 30.000000 8.000000 7.000000 1.195635e+18
423 25.000000 30.000000 8.000000 7.000000 1.195635e+18
424 25.000000 30.000000 8.000000 7.000000 1.195635e+18
425 25.000000 30.000000 8.000000 7.000000 1.195635e+18
426 25.000000 30.000000 8.000000 7.000000 1.195635e+18
427 25.000000 30.000000 8.000000 7.000000 1.195635e+18
428 25.000000 30.000000 8.000000 7.000000 1.195635e+18
429 25.000000 30.000000 8.000000 7.000000 1.195635e+18
430 25.000000 30.000000 8.000000 7.000000 1.195635e+18
431 25.000000 30.000000 8.000000 7.000000 1.195635e+18
432 25.000000 30.000000 8.000000 7.000000 1.195635e+18
433 25.000000 30.000000 8.000000 7.000000 1.195635e+18
434 25.000000 30.000000 8.000000 7.000000 1.195635e+18
435 25.000000 30.000000 8.000000 7.000000 1.195635e+18
436 25.000000 30.000000 8.000000 7.000000 1.195635e+18
437 25.000000 30.000000 8.000000 7.000000 1.195635e+18
438 25.000000 30.000000 8.000000 7.000000 1.195635e+18
439 25.000000 30.000000 8.000000 7.000000 1.195635e+18
440 25.000000 30.000000 8.000000 7.000000 1.195635e+18
441 25.000000 30.000000 8.000000 7.000000 1.195635e+18
442 25.000000 30.000000 8.000000 7.000000 1.195635e+18
443 25.000000 30.000000 8.000000 7.000000 1.195635e+18
444 25.000000 30.000000 8.000000 7.000000 1.195635e+18
445 25.000000 30.000000 8.000000 7.000000 1.195635e+18
446 25.000000 30.000000 8.000000 7.000000 1.195635e+18
447 25.000000 30.000000 8.000000 7.000000 1.195635e+18
448 25.000000 30.000000 8.000000 7.000000 1.195635e+18
449 25.000000 30.000000 8.000000 7.000000 1.195635e+18
450 25.000000 30.000000 8.000000 7.000000 1.195635e+18
451 25.000000 30.000000 8.000000 7.000000 1.195635e+18
452 25.000000 30.000000 8.000000 7.000000 1.195635e+18
453 25.000000 30.000000 8.000000 7.000000 1.195635e+18
454 25.000000 30.000000 8.000000 7.000000 1.195635e+18
455 25.000000 30.000000 8.000000 7.000000 1.195635e+18
456 25.000000 30.000000 8.000000 7.000000 1.195635e+18
457 25.000000 30.000000 8.000000 7.000000 1.195635e+18
458 25.000000 30.000000 8.000000 7.000000 1.195635e+18
459 25.000000 30.000000 8.000000 7.000000 1.195635e+18
460 25.000000 30.000000 8.000000 7.000000 1.195635e+18
461 25.000000 30.000000 8.000000 7.000000 1.195635e+18
462 25.000000 30.000000 8.000000 7.000000 1.195635e+18
463 25.000000 30.000000 8.000000 7.000000 1.195635e+18
464 25.000000 30.000000 8.000000 7.000000 1.195635e+18
465 25.000000 30.000000 8.000000 7.000000 1.195635e+18
466 25.000000 30.000000 8.000000 7.000000 1.195635e+18
467 25.000000 30.000000 8.000000 7.000000 1.195635e+18
468 25.000000 30.000000 8.000000 7.000000 1.195635e+18
469 25.000000 30.000000 8.000000 7.000000 1.195635e+18
470 25.000000 30.000000 8.000000 7.000000 1.195635e+18
471 25.000000 30.000000 8.000000 7.000000 1.195635e+18
472 25.000000 30.000000 8.000000 7.000000 1.195635e+18
473 25.000000 30.000000 8.000000 7.000000 1.195635e+18
474 25.000000 30.000000 8.000000 7.000000 1.195635e+18
475 25.000000 30.000000 8.000000 7.000000 1.195635e+18
476 25.000000 30.000000 8.000000 7.000000 1.195635e+18
477 25.000000 30.000000 8.000000 7.000000 1.195635e+18
478 25.000000 30.000000 8.000000 7.000000 1.195635e+18
479 25.000000 30.000000 8.000000 7.000000 1.195635e+18
480 25.000000 30.000000 8.000000 7.000000 1.195635e+18
481 25.000000 30.000000 8.000000 7.000000 1.195635e+18
482 25.000000 30.000000 8.000000 7.000000 1.195635e+18
483 25.000000 30.000000 8.000000 7.000000 1.195635e+18
484 25.000000 30.000000 8.000000 7.000000 1.195635e+18
485 25.000000 30.000000 8.000000 7.000000 1.195635e+18
486 25.000000 29.000000 11.000000 7.000000 1.285791e+18
487 25.000000 29.000000 11.000000 7.000000 1.285791e+18
488 25.000000 29.000000 11.000000 7.000000 1.285791e+18
489 25.000000 29.000000 11.000000 7.000000 1.285791e+18
490 25.000000 29.000000 11.000000 7.000000 1.285791e+18
491 25.000000 29.000000 11.000000 7.000000 1.285791e+18
492 25.000000 29.000000 11.000000 7.000000 1.285791e+18
493 25.000000 29.000000 11.000000 7.000000 1.285791e+18
494 25.000000 29.000000 11.000000 7.000000 1.285791e+18
495 25.000000 29.000000 11.000000 7.000000 1.285791e+18
496 25.000000 29.000000 11.000000 7.000000 1.285791e+18
497 25.000000 29.000000 11.000000 7.000000 1.285791e+18
498 25.000000 29.000000 11.000000 7.000000 1.285791e+18
499 25.000000 29.000000 11.000000 7.000000 1.285791e+18
500 25.000000 29.000000 11.000000 7.000000 1.285791e+18
501 25.000000 29.000000 11.000000 7.000000 1.285791e+18
502 25.000000 29.000000 11.000000 7.000000 1.285791e+18
503 25.000000 29.000000 11.000000 7.000000 1.285791e+18
504 24.000000 33.000000 7.000000 7.000000 1.261715e+18
505 24.000000 33.000000 7.000000 7.000000 1.261715e+18
506 24.000000 33.000000 7.000000 7.000000 1.261715e+18
507 24.000000 33.000000 7.000000 7.000000 1.261715e+18
508 24.000000 33.000000 7.000000 7.000000 1.261715e+18
509 24.000000 33.000000 7.000000 7.000000 1.261715e+18
510 24.000000 33.000000 7.000000 7.000000 1.261715e+18
511 24.000000 33.000000 7.000000 7.000000 1.261715e+18
512 24.000000 33.000000 7.000000 7.000000 1.261715e+18
513 24.000000 33.000000 7.000000 7.000000 1.261715e+18
514 24.000000 33.000000 7.000000 7.000000 1.261715e+18
515 24.000000 33.000000 7.000000 7.000000 1.261715e+18
516 24.000000 33.000000 7.000000 7.000000 1.261715e+18
517 24.000000 33.000000 7.000000 7.000000 1.261715e+18
518 24.000000 33.000000 7.000000 7.000000 1.261715e+18
519 24.000000 33.000000 7.000000 7.000000 1.261715e+18
520 24.000000 33.000000 7.000000 7.000000 1.261715e+18
521 24.000000 33.000000 7.000000 7.000000 1.261715e+18
522 24.000000 33.000000 7.000000 7.000000 1.261715e+18
523 25.000000 31.000000 7.000000 7.000000 1.235968e+18
524 25.000000 31.000000 7.000000 7.000000 1.235968e+18
525 25.000000 31.000000 7.000000 7.000000 1.235968e+18
526 25.000000 31.000000 7.000000 7.000000 1.235968e+18
527 25.000000 31.000000 7.000000 7.000000 1.235968e+18
528 25.000000 31.000000 7.000000 7.000000 1.235968e+18
529 25.000000 31.000000 7.000000 7.000000 1.235968e+18
530 25.000000 31.000000 7.000000 7.000000 1.235968e+18
531 25.000000 31.000000 7.000000 7.000000 1.235968e+18
532 25.000000 31.000000 7.000000 7.000000 1.235968e+18
533 25.000000 31.000000 7.000000 7.000000 1.235968e+18
534 25.000000 31.000000 7.000000 7.000000 1.235968e+18
535 25.000000 31.000000 7.000000 7.000000 1.235968e+18
536 25.000000 29.000000 8.000000 7.000000 1.236938e+18
537 25.000000 29.000000 8.000000 7.000000 1.236938e+18
538 25.000000 29.000000 8.000000 7.000000 1.236938e+18
539 25.000000 29.000000 8.000000 7.000000 1.236938e+18
540 25.000000 29.000000 8.000000 7.000000 1.236938e+18
541 25.000000 29.000000 8.000000 7.000000 1.236938e+18
542 25.000000 29.000000 8.000000 7.000000 1.236938e+18
543 25.000000 29.000000 8.000000 7.000000 1.236938e+18
544 25.000000 29.000000 8.000000 7.000000 1.236938e+18
545 25.000000 29.000000 8.000000 7.000000 1.236938e+18
546 25.000000 29.000000 8.000000 7.000000 1.236938e+18
547 25.000000 29.000000 8.000000 7.000000 1.236938e+18
548 25.000000 29.000000 8.000000 7.000000 1.236938e+18
549 25.000000 29.000000 8.000000 7.000000 1.236938e+18
550 25.000000 29.000000 8.000000 7.000000 1.236938e+18
551 25.000000 29.000000 8.000000 7.000000 1.236938e+18
552 25.000000 29.000000 8.000000 7.000000 1.236938e+18
553 25.000000 29.000000 8.000000 7.000000 1.236938e+18
554 25.000000 29.000000 8.000000 7.000000 1.236938e+18
555 25.000000 29.000000 8.000000 7.000000 1.236938e+18
556 25.000000 29.000000 8.000000 7.000000 1.236938e+18
557 25.000000 29.000000 8.000000 7.000000 1.236938e+18
558 25.000000 29.000000 8.000000 7.000000 1.236938e+18
559 25.000000 29.000000 8.000000 7.000000 1.236938e+18
560 25.000000 29.000000 8.000000 7.000000 1.236938e+18
561 25.000000 29.000000 8.000000 7.000000 1.236938e+18
562 25.000000 29.000000 8.000000 7.000000 1.236938e+18
563 25.000000 29.000000 8.000000 7.000000 1.236938e+18
564 25.000000 29.000000 8.000000 7.000000 1.236938e+18
565 25.000000 29.000000 8.000000 7.000000 1.236938e+18
566 25.000000 29.000000 8.000000 7.000000 1.236938e+18
567 25.000000 29.000000 8.000000 7.000000 1.236938e+18
568 25.000000 29.000000 8.000000 7.000000 1.236938e+18
569 25.000000 29.000000 8.000000 7.000000 1.236938e+18
570 25.000000 29.000000 8.000000 7.000000 1.236938e+18
571 25.000000 29.000000 8.000000 7.000000 1.236938e+18
572 25.000000 29.000000 8.000000 7.000000 1.236938e+18
573 25.000000 29.000000 8.000000 7.000000 1.236938e+18
574 25.000000 29.000000 8.000000 7.000000 1.236938e+18
575 25.000000 29.000000 8.000000 7.000000 1.236938e+18
576 25.000000 29.000000 8.000000 7.000000 1.236938e+18
577 25.000000 29.000000 8.000000 7.000000 1.236938e+18
578 24.000000 32.000000 9.000000 7.000000 1.255940e+18
579 24.000000 32.000000 9.000000 7.000000 1.255940e+18
580 24.000000 32.000000 9.000000 7.000000 1.255940e+18
581 24.000000 32.000000 9.000000 7.000000 1.255940e+18
582 24.000000 32.000000 9.000000 7.000000 1.255940e+18
583 24.000000 32.000000 9.000000 7.000000 1.255940e+18
584 24.000000 32.000000 9.000000 7.000000 1.255940e+18
585 24.000000 32.000000 9.000000 7.000000 1.255940e+18
586 24.000000 32.000000 9.000000 7.000000 1.255940e+18
587 24.000000 32.000000 9.000000 7.000000 1.255940e+18
588 24.000000 32.000000 9.000000 7.000000 1.255940e+18
589 24.000000 32.000000 9.000000 7.000000 1.255940e+18
590 24.000000 32.000000 9.000000 7.000000 1.255940e+18
591 24.000000 32.000000 9.000000 7.000000 1.255940e+18
592 24.000000 32.000000 9.000000 7.000000 1.255940e+18
593 24.000000 32.000000 9.000000 7.000000 1.255940e+18
594 24.000000 32.000000 9.000000 7.000000 1.255940e+18
595 24.000000 32.000000 9.000000 7.000000 1.255940e+18
596 24.000000 32.000000 9.000000 7.000000 1.255940e+18
597 24.000000 32.000000 9.000000 7.000000 1.255940e+18
598 24.000000 32.000000 9.000000 7.000000 1.255940e+18
599 24.000000 32.000000 9.000000 7.000000 1.255940e+18
600 24.000000 32.000000 9.000000 7.000000 1.255940e+18
601 24.000000 32.000000 9.000000 7.000000 1.255940e+18
602 24.000000 32.000000 9.000000 7.000000 1.255940e+18
603 24.000000 32.000000 9.000000 7.000000 1.255940e+18
604 24.000000 32.000000 9.000000 7.000000 1.255940e+18
605 24.000000 32.000000 9.000000 7.000000 1.255940e+18
606 24.000000 32.000000 9.000000 7.000000 1.255940e+18
607 24.000000 32.000000 9.000000 7.000000 1.255940e+18
608 24.000000 32.000000 9.000000 7.000000 1.255940e+18
609 24.000000 32.000000 9.000000 7.000000 1.255940e+18
610 24.000000 32.000000 9.000000 7.000000 1.255940e+18
611 24.000000 32.000000 9.000000 7.000000 1.255940e+18
612 24.000000 32.000000 9.000000 7.000000 1.255940e+18
613 24.000000 32.000000 9.000000 7.000000 1.255940e+18
614 24.000000 32.000000 9.000000 7.000000 1.255940e+18
615 24.000000 32.000000 9.000000 7.000000 1.255940e+18
616 24.000000 32.000000 9.000000 7.000000 1.255940e+18
617 24.000000 32.000000 9.000000 7.000000 1.255940e+18
618 24.000000 32.000000 9.000000 7.000000 1.255940e+18
619 24.000000 32.000000 9.000000 7.000000 1.255940e+18
620 24.000000 32.000000 9.000000 7.000000 1.255940e+18
621 24.000000 32.000000 9.000000 7.000000 1.255940e+18
622 24.000000 32.000000 9.000000 7.000000 1.255940e+18
623 24.000000 32.000000 9.000000 7.000000 1.255940e+18
624 24.000000 32.000000 9.000000 7.000000 1.255940e+18
625 24.000000 32.000000 9.000000 7.000000 1.255940e+18
626 24.000000 32.000000 9.000000 7.000000 1.255940e+18
627 24.000000 32.000000 9.000000 7.000000 1.255940e+18
628 24.000000 32.000000 9.000000 7.000000 1.255940e+18
629 24.000000 32.000000 9.000000 7.000000 1.255940e+18
630 24.000000 32.000000 9.000000 7.000000 1.255940e+18
631 24.000000 32.000000 9.000000 7.000000 1.255940e+18
632 24.000000 32.000000 9.000000 7.000000 1.255940e+18
633 24.000000 32.000000 9.000000 7.000000 1.255940e+18
634 24.000000 32.000000 9.000000 7.000000 1.255940e+18
635 24.000000 32.000000 9.000000 7.000000 1.255940e+18
636 24.000000 32.000000 9.000000 7.000000 1.255940e+18
637 24.000000 32.000000 9.000000 7.000000 1.255940e+18
638 24.000000 32.000000 9.000000 7.000000 1.255940e+18
639 24.000000 32.000000 9.000000 7.000000 1.255940e+18
640 24.000000 32.000000 9.000000 7.000000 1.255940e+18
641 24.000000 32.000000 9.000000 7.000000 1.255940e+18
642 24.000000 32.000000 9.000000 7.000000 1.255940e+18
643 24.000000 32.000000 9.000000 7.000000 1.255940e+18
644 24.000000 32.000000 9.000000 7.000000 1.255940e+18
645 24.000000 32.000000 9.000000 7.000000 1.255940e+18
646 25.000000 30.000000 10.000000 7.000000 1.208314e+18
647 25.000000 30.000000 10.000000 7.000000 1.208314e+18
648 25.000000 30.000000 10.000000 7.000000 1.208314e+18
649 25.000000 30.000000 10.000000 7.000000 1.208314e+18
650 25.000000 30.000000 10.000000 7.000000 1.208314e+18
651 25.000000 30.000000 10.000000 7.000000 1.208314e+18
652 25.000000 30.000000 10.000000 7.000000 1.208314e+18
653 25.000000 30.000000 10.000000 7.000000 1.208314e+18
654 25.000000 30.000000 10.000000 7.000000 1.208314e+18
655 25.000000 30.000000 10.000000 7.000000 1.208314e+18
656 25.000000 30.000000 10.000000 7.000000 1.208314e+18
657 25.000000 30.000000 10.000000 7.000000 1.208314e+18
658 25.000000 30.000000 10.000000 7.000000 1.208314e+18
659 25.000000 30.000000 10.000000 7.000000 1.208314e+18
660 25.000000 30.000000 10.000000 7.000000 1.208314e+18
661 25.000000 30.000000 10.000000 7.000000 1.208314e+18
662 25.000000 30.000000 10.000000 7.000000 1.208314e+18
663 25.000000 30.000000 10.000000 7.000000 1.208314e+18
664 25.000000 30.000000 10.000000 7.000000 1.208314e+18
665 25.000000 30.000000 10.000000 7.000000 1.208314e+18
666 25.000000 30.000000 10.000000 7.000000 1.208314e+18
667 25.000000 30.000000 10.000000 7.000000 1.208314e+18
668 25.000000 30.000000 10.000000 7.000000 1.208314e+18
669 25.000000 30.000000 10.000000 7.000000 1.208314e+18
670 25.000000 30.000000 10.000000 7.000000 1.208314e+18
671 25.000000 30.000000 10.000000 7.000000 1.208314e+18
672 25.000000 30.000000 10.000000 7.000000 1.208314e+18
673 25.000000 30.000000 10.000000 7.000000 1.208314e+18
674 25.000000 30.000000 10.000000 7.000000 1.208314e+18
675 25.000000 30.000000 10.000000 7.000000 1.208314e+18
676 25.000000 30.000000 10.000000 7.000000 1.208314e+18
677 25.000000 30.000000 10.000000 7.000000 1.208314e+18
678 25.000000 30.000000 10.000000 7.000000 1.208314e+18
679 25.000000 30.000000 10.000000 7.000000 1.208314e+18
680 25.000000 30.000000 10.000000 7.000000 1.208314e+18
681 25.000000 30.000000 10.000000 7.000000 1.208314e+18
682 25.000000 30.000000 10.000000 7.000000 1.208314e+18
683 25.000000 30.000000 10.000000 7.000000 1.208314e+18
684 25.000000 30.000000 10.000000 7.000000 1.208314e+18
685 25.000000 30.000000 10.000000 7.000000 1.208314e+18
686 25.000000 30.000000 10.000000 7.000000 1.208314e+18
687 25.000000 30.000000 10.000000 7.000000 1.208314e+18
688 25.000000 30.000000 10.000000 7.000000 1.208314e+18
689 25.000000 30.000000 10.000000 7.000000 1.208314e+18
690 25.000000 30.000000 10.000000 7.000000 1.208314e+18
691 25.000000 30.000000 10.000000 7.000000 1.208314e+18
692 25.000000 30.000000 10.000000 7.000000 1.208314e+18
693 25.000000 30.000000 10.000000 7.000000 1.208314e+18
694 25.000000 30.000000 10.000000 7.000000 1.208314e+18
695 25.000000 30.000000 10.000000 7.000000 1.208314e+18
696 25.000000 30.000000 10.000000 7.000000 1.208314e+18
697 25.000000 30.000000 10.000000 7.000000 1.208314e+18
698 25.000000 30.000000 10.000000 7.000000 1.208314e+18
699 25.000000 30.000000 10.000000 7.000000 1.208314e+18
700 25.000000 31.000000 9.000000 7.000000 1.208486e+18
701 25.000000 31.000000 9.000000 7.000000 1.208486e+18
702 25.000000 31.000000 9.000000 7.000000 1.208486e+18
703 25.000000 31.000000 9.000000 7.000000 1.208486e+18
704 25.000000 31.000000 9.000000 7.000000 1.208486e+18
705 25.000000 31.000000 9.000000 7.000000 1.208486e+18
706 25.000000 31.000000 9.000000 7.000000 1.208486e+18
707 25.000000 31.000000 9.000000 7.000000 1.208486e+18
708 25.000000 31.000000 9.000000 7.000000 1.208486e+18
709 25.000000 31.000000 9.000000 7.000000 1.208486e+18
710 25.000000 31.000000 9.000000 7.000000 1.208486e+18
711 25.000000 31.000000 9.000000 7.000000 1.208486e+18
712 25.000000 31.000000 9.000000 7.000000 1.208486e+18
713 25.000000 31.000000 9.000000 7.000000 1.208486e+18
714 25.000000 31.000000 9.000000 7.000000 1.208486e+18
715 25.000000 31.000000 9.000000 7.000000 1.208486e+18
716 25.000000 31.000000 9.000000 7.000000 1.208486e+18
717 25.000000 31.000000 9.000000 7.000000 1.208486e+18
718 25.000000 31.000000 9.000000 7.000000 1.208486e+18
719 25.000000 31.000000 9.000000 7.000000 1.208486e+18
720 25.000000 31.000000 9.000000 7.000000 1.208486e+18
721 25.000000 31.000000 9.000000 7.000000 1.208486e+18
722 25.000000 31.000000 9.000000 7.000000 1.208486e+18
723 25.000000 31.000000 9.000000 7.000000 1.208486e+18
724 25.000000 31.000000 9.000000 7.000000 1.208486e+18
725 25.000000 31.000000 9.000000 7.000000 1.208486e+18
726 25.000000 31.000000 9.000000 7.000000 1.208486e+18
727 25.000000 31.000000 9.000000 7.000000 1.208486e+18
728 25.000000 31.000000 9.000000 7.000000 1.208486e+18
729 25.000000 31.000000 9.000000 7.000000 1.208486e+18
730 25.000000 31.000000 9.000000 7.000000 1.208486e+18
731 25.000000 31.000000 9.000000 7.000000 1.208486e+18
732 25.000000 31.000000 9.000000 7.000000 1.208486e+18
733 25.000000 31.000000 9.000000 7.000000 1.208486e+18
734 25.000000 31.000000 9.000000 7.000000 1.208486e+18
735 25.000000 31.000000 9.000000 7.000000 1.208486e+18
736 25.000000 31.000000 9.000000 7.000000 1.208486e+18
737 25.000000 31.000000 9.000000 7.000000 1.208486e+18
738 25.000000 31.000000 9.000000 7.000000 1.208486e+18
739 25.000000 31.000000 9.000000 7.000000 1.208486e+18
740 25.000000 31.000000 9.000000 7.000000 1.208486e+18
741 25.000000 31.000000 9.000000 7.000000 1.208486e+18
742 25.000000 31.000000 9.000000 7.000000 1.208486e+18
743 25.000000 31.000000 9.000000 7.000000 1.208486e+18
744 25.000000 31.000000 9.000000 7.000000 1.208486e+18
745 25.000000 31.000000 9.000000 7.000000 1.208486e+18
746 25.000000 31.000000 9.000000 7.000000 1.208486e+18
747 25.000000 31.000000 9.000000 7.000000 1.208486e+18
748 25.000000 31.000000 9.000000 7.000000 1.208486e+18
749 25.000000 31.000000 9.000000 7.000000 1.208486e+18
750 25.000000 31.000000 9.000000 7.000000 1.208486e+18
751 25.000000 31.000000 9.000000 7.000000 1.208486e+18
752 25.000000 31.000000 9.000000 7.000000 1.208486e+18
753 25.000000 31.000000 9.000000 7.000000 1.208486e+18
754 25.000000 31.000000 9.000000 7.000000 1.208486e+18
755 25.000000 31.000000 9.000000 7.000000 1.208486e+18
756 25.000000 31.000000 9.000000 7.000000 1.208486e+18
757 25.000000 31.000000 9.000000 7.000000 1.208486e+18
758 25.000000 31.000000 9.000000 7.000000 1.208486e+18
759 25.000000 31.000000 9.000000 7.000000 1.208486e+18
760 25.000000 31.000000 9.000000 7.000000 1.208486e+18
761 25.000000 31.000000 9.000000 7.000000 1.208486e+18
762 25.000000 31.000000 9.000000 7.000000 1.208486e+18
763 25.000000 31.000000 9.000000 7.000000 1.208486e+18
764 25.000000 31.000000 9.000000 7.000000 1.208486e+18
765 25.000000 31.000000 9.000000 7.000000 1.208486e+18
766 25.000000 31.000000 9.000000 7.000000 1.208486e+18
767 25.000000 31.000000 9.000000 7.000000 1.208486e+18
768 25.000000 31.000000 9.000000 7.000000 1.208486e+18
769 24.000000 30.000000 11.000000 7.000000 1.286409e+18
770 24.000000 30.000000 11.000000 7.000000 1.286409e+18
771 24.000000 30.000000 11.000000 7.000000 1.286409e+18
772 24.000000 30.000000 11.000000 7.000000 1.286409e+18
773 24.000000 30.000000 11.000000 7.000000 1.286409e+18
774 24.000000 30.000000 11.000000 7.000000 1.286409e+18
775 24.000000 30.000000 11.000000 7.000000 1.286409e+18
776 24.000000 30.000000 11.000000 7.000000 1.286409e+18
777 24.000000 30.000000 11.000000 7.000000 1.286409e+18
778 24.000000 30.000000 11.000000 7.000000 1.286409e+18
779 24.000000 30.000000 11.000000 7.000000 1.286409e+18
780 24.000000 30.000000 11.000000 7.000000 1.286409e+18
781 24.000000 30.000000 11.000000 7.000000 1.286409e+18
782 24.000000 30.000000 11.000000 7.000000 1.286409e+18
783 24.000000 29.000000 8.000000 7.000000 1.310731e+18
784 24.000000 29.000000 8.000000 7.000000 1.310731e+18
785 24.000000 29.000000 8.000000 7.000000 1.310731e+18
786 24.000000 33.000000 8.000000 7.000000 1.259884e+18
787 24.000000 33.000000 8.000000 7.000000 1.259884e+18
788 24.000000 33.000000 8.000000 7.000000 1.259884e+18
789 24.000000 33.000000 8.000000 7.000000 1.259884e+18
790 24.000000 33.000000 8.000000 7.000000 1.259884e+18
791 24.000000 33.000000 8.000000 7.000000 1.259884e+18
792 24.000000 33.000000 8.000000 7.000000 1.259884e+18
793 24.000000 33.000000 8.000000 7.000000 1.259884e+18
794 24.000000 33.000000 8.000000 7.000000 1.259884e+18
795 24.000000 33.000000 8.000000 7.000000 1.259884e+18
796 24.000000 33.000000 8.000000 7.000000 1.259884e+18
797 24.000000 33.000000 8.000000 7.000000 1.259884e+18
798 24.000000 33.000000 8.000000 7.000000 1.259884e+18
799 24.000000 33.000000 8.000000 7.000000 1.259884e+18
800 24.000000 31.000000 8.000000 7.000000 1.259468e+18
801 24.000000 31.000000 8.000000 7.000000 1.259468e+18
802 24.000000 31.000000 8.000000 7.000000 1.259468e+18
803 25.000000 31.000000 9.000000 7.000000 1.208486e+18
804 25.000000 31.000000 9.000000 7.000000 1.208486e+18
805 25.000000 31.000000 9.000000 7.000000 1.208486e+18
806 25.000000 31.000000 9.000000 7.000000 1.208486e+18
807 25.000000 31.000000 9.000000 7.000000 1.208486e+18
808 25.000000 31.000000 9.000000 7.000000 1.208486e+18
809 25.000000 31.000000 9.000000 7.000000 1.208486e+18
810 25.000000 31.000000 9.000000 7.000000 1.208486e+18
811 25.000000 31.000000 9.000000 7.000000 1.208486e+18
812 25.000000 31.000000 9.000000 7.000000 1.208486e+18
813 25.000000 31.000000 9.000000 7.000000 1.208486e+18
814 25.000000 31.000000 9.000000 7.000000 1.208486e+18
815 25.000000 31.000000 9.000000 7.000000 1.208486e+18
816 25.000000 31.000000 9.000000 7.000000 1.208486e+18
817 25.000000 31.000000 9.000000 7.000000 1.208486e+18
818 25.000000 31.000000 9.000000 7.000000 1.208486e+18
819 25.000000 31.000000 9.000000 7.000000 1.208486e+18
820 25.000000 31.000000 9.000000 7.000000 1.208486e+18
821 25.000000 31.000000 9.000000 7.000000 1.208486e+18
822 25.000000 31.000000 9.000000 7.000000 1.208486e+18
823 25.000000 31.000000 9.000000 7.000000 1.208486e+18
824 25.000000 31.000000 9.000000 7.000000 1.208486e+18
825 25.000000 31.000000 9.000000 7.000000 1.208486e+18
826 25.000000 31.000000 9.000000 7.000000 1.208486e+18
827 25.000000 31.000000 9.000000 7.000000 1.208486e+18
828 25.000000 31.000000 9.000000 7.000000 1.208486e+18
829 25.000000 31.000000 9.000000 7.000000 1.208486e+18
830 25.000000 31.000000 9.000000 7.000000 1.208486e+18
831 25.000000 31.000000 9.000000 7.000000 1.208486e+18
832 25.000000 31.000000 9.000000 7.000000 1.208486e+18
833 25.000000 31.000000 9.000000 7.000000 1.208486e+18
834 25.000000 31.000000 9.000000 7.000000 1.208486e+18
835 25.000000 31.000000 9.000000 7.000000 1.208486e+18
836 25.000000 31.000000 9.000000 7.000000 1.208486e+18
837 25.000000 31.000000 9.000000 7.000000 1.208486e+18
838 25.000000 31.000000 9.000000 7.000000 1.208486e+18
839 25.000000 31.000000 9.000000 7.000000 1.208486e+18
840 25.000000 31.000000 9.000000 7.000000 1.208486e+18
841 25.000000 31.000000 9.000000 7.000000 1.208486e+18
842 25.000000 31.000000 9.000000 7.000000 1.208486e+18
843 25.000000 31.000000 9.000000 7.000000 1.208486e+18
844 25.000000 31.000000 9.000000 7.000000 1.208486e+18
845 25.000000 31.000000 9.000000 7.000000 1.208486e+18
846 25.000000 31.000000 9.000000 7.000000 1.208486e+18
847 25.000000 31.000000 9.000000 7.000000 1.208486e+18
848 25.000000 31.000000 9.000000 7.000000 1.208486e+18
849 25.000000 31.000000 9.000000 7.000000 1.208486e+18
850 25.000000 31.000000 9.000000 7.000000 1.208486e+18
851 25.000000 31.000000 9.000000 7.000000 1.208486e+18
852 25.000000 31.000000 9.000000 7.000000 1.208486e+18
853 25.000000 31.000000 9.000000 7.000000 1.208486e+18
854 25.000000 31.000000 9.000000 7.000000 1.208486e+18
855 25.000000 31.000000 9.000000 7.000000 1.208486e+18
856 25.000000 31.000000 9.000000 7.000000 1.208486e+18
857 25.000000 31.000000 9.000000 7.000000 1.208486e+18
858 25.000000 31.000000 9.000000 7.000000 1.208486e+18
859 25.000000 31.000000 9.000000 7.000000 1.208486e+18
860 25.000000 31.000000 9.000000 7.000000 1.208486e+18
861 25.000000 31.000000 9.000000 7.000000 1.208486e+18
862 25.000000 31.000000 9.000000 7.000000 1.208486e+18
863 25.000000 31.000000 9.000000 7.000000 1.208486e+18
864 25.000000 31.000000 9.000000 7.000000 1.208486e+18
865 25.000000 31.000000 9.000000 7.000000 1.208486e+18
866 25.000000 31.000000 9.000000 7.000000 1.208486e+18
867 25.000000 31.000000 9.000000 7.000000 1.208486e+18
868 25.000000 31.000000 9.000000 7.000000 1.208486e+18
869 25.000000 31.000000 9.000000 7.000000 1.208486e+18
870 25.000000 31.000000 9.000000 7.000000 1.208486e+18
871 25.000000 31.000000 9.000000 7.000000 1.208486e+18
872 25.000000 31.000000 9.000000 7.000000 1.208486e+18
873 25.000000 31.000000 9.000000 7.000000 1.208486e+18
874 25.000000 31.000000 9.000000 7.000000 1.208486e+18
875 25.000000 31.000000 9.000000 7.000000 1.208486e+18
876 25.000000 31.000000 9.000000 7.000000 1.208486e+18
877 25.000000 31.000000 9.000000 7.000000 1.208486e+18
878 25.000000 31.000000 9.000000 7.000000 1.208486e+18
879 25.000000 31.000000 9.000000 7.000000 1.208486e+18
880 25.000000 31.000000 9.000000 7.000000 1.208486e+18
881 25.000000 31.000000 9.000000 7.000000 1.208486e+18
882 25.000000 31.000000 9.000000 7.000000 1.208486e+18
883 25.000000 31.000000 9.000000 7.000000 1.208486e+18
884 25.000000 31.000000 9.000000 7.000000 1.208486e+18
885 25.000000 31.000000 9.000000 7.000000 1.208486e+18
886 25.000000 31.000000 9.000000 7.000000 1.208486e+18
887 25.000000 31.000000 9.000000 7.000000 1.208486e+18
888 25.000000 31.000000 9.000000 7.000000 1.208486e+18
889 25.000000 31.000000 9.000000 7.000000 1.208486e+18
890 25.000000 31.000000 9.000000 7.000000 1.208486e+18
891 25.000000 31.000000 9.000000 7.000000 1.208486e+18
892 25.000000 31.000000 9.000000 7.000000 1.208486e+18
893 25.000000 31.000000 9.000000 7.000000 1.208486e+18
894 25.000000 31.000000 9.000000 7.000000 1.208486e+18
895 25.000000 31.000000 9.000000 7.000000 1.208486e+18
896 25.000000 31.000000 9.000000 7.000000 1.208486e+18
897 25.000000 31.000000 9.000000 7.000000 1.208486e+18
898 25.000000 31.000000 9.000000 7.000000 1.208486e+18
899 25.000000 31.000000 9.000000 7.000000 1.208486e+18
900 25.000000 31.000000 9.000000 7.000000 1.208486e+18
901 25.000000 31.000000 9.000000 7.000000 1.208486e+18
902 25.000000 31.000000 9.000000 7.000000 1.208486e+18
903 25.000000 31.000000 9.000000 7.000000 1.208486e+18
904 25.000000 31.000000 9.000000 7.000000 1.208486e+18
905 25.000000 31.000000 9.000000 7.000000 1.208486e+18
906 25.000000 31.000000 9.000000 7.000000 1.208486e+18
907 25.000000 31.000000 9.000000 7.000000 1.208486e+18
908 25.000000 31.000000 9.000000 7.000000 1.208486e+18
909 25.000000 31.000000 9.000000 7.000000 1.208486e+18
910 25.000000 31.000000 9.000000 7.000000 1.208486e+18
911 25.000000 31.000000 9.000000 7.000000 1.208486e+18
912 25.000000 31.000000 9.000000 7.000000 1.208486e+18
913 25.000000 31.000000 9.000000 7.000000 1.208486e+18
914 25.000000 31.000000 9.000000 7.000000 1.208486e+18
915 25.000000 31.000000 9.000000 7.000000 1.208486e+18
916 25.000000 31.000000 9.000000 7.000000 1.208486e+18
917 25.000000 31.000000 9.000000 7.000000 1.208486e+18
918 25.000000 31.000000 9.000000 7.000000 1.208486e+18
919 25.000000 31.000000 9.000000 7.000000 1.208486e+18
920 25.000000 31.000000 9.000000 7.000000 1.208486e+18
921 25.000000 31.000000 9.000000 7.000000 1.208486e+18
922 25.000000 31.000000 9.000000 7.000000 1.208486e+18
923 25.000000 31.000000 9.000000 7.000000 1.208486e+18
924 25.000000 31.000000 9.000000 7.000000 1.208486e+18
925 25.000000 31.000000 9.000000 7.000000 1.208486e+18
926 25.000000 31.000000 9.000000 7.000000 1.208486e+18
927 25.000000 31.000000 9.000000 7.000000 1.208486e+18
928 25.000000 31.000000 9.000000 7.000000 1.208486e+18
929 25.000000 31.000000 10.000000 7.000000 1.215845e+18
930 25.000000 31.000000 10.000000 7.000000 1.215845e+18
931 25.000000 31.000000 10.000000 7.000000 1.215845e+18
932 25.000000 31.000000 10.000000 7.000000 1.215845e+18
933 25.000000 31.000000 10.000000 7.000000 1.215845e+18
934 25.000000 31.000000 10.000000 7.000000 1.215845e+18
935 25.000000 31.000000 10.000000 7.000000 1.215845e+18
936 25.000000 31.000000 10.000000 7.000000 1.215845e+18
937 25.000000 31.000000 10.000000 7.000000 1.215845e+18
938 25.000000 31.000000 10.000000 7.000000 1.215845e+18
939 25.000000 31.000000 10.000000 7.000000 1.215845e+18
940 25.000000 31.000000 10.000000 7.000000 1.215845e+18
941 25.000000 31.000000 10.000000 7.000000 1.215845e+18
942 25.000000 31.000000 10.000000 7.000000 1.215845e+18
943 25.000000 31.000000 10.000000 7.000000 1.215845e+18
944 25.000000 31.000000 10.000000 7.000000 1.215845e+18
945 25.000000 31.000000 10.000000 7.000000 1.215845e+18
946 25.000000 31.000000 10.000000 7.000000 1.215845e+18
947 25.000000 31.000000 10.000000 7.000000 1.215845e+18
948 25.000000 31.000000 10.000000 7.000000 1.215845e+18
949 25.000000 31.000000 10.000000 7.000000 1.215845e+18
950 25.000000 31.000000 10.000000 7.000000 1.215845e+18
951 25.000000 31.000000 10.000000 7.000000 1.215845e+18
952 25.000000 31.000000 10.000000 7.000000 1.215845e+18
953 25.000000 31.000000 10.000000 7.000000 1.215845e+18
954 25.000000 31.000000 10.000000 7.000000 1.215845e+18
955 25.000000 31.000000 10.000000 7.000000 1.215845e+18
956 25.000000 31.000000 10.000000 7.000000 1.215845e+18
957 25.000000 31.000000 10.000000 7.000000 1.215845e+18
958 25.000000 31.000000 10.000000 7.000000 1.215845e+18
959 25.000000 31.000000 10.000000 7.000000 1.215845e+18
960 25.000000 31.000000 10.000000 7.000000 1.215845e+18
961 25.000000 31.000000 10.000000 7.000000 1.215845e+18
962 25.000000 31.000000 10.000000 7.000000 1.215845e+18
963 25.000000 31.000000 10.000000 7.000000 1.215845e+18
964 25.000000 31.000000 10.000000 7.000000 1.215845e+18
965 25.000000 31.000000 10.000000 7.000000 1.215845e+18
966 25.000000 31.000000 10.000000 7.000000 1.215845e+18
967 25.000000 31.000000 10.000000 7.000000 1.215845e+18
968 25.000000 31.000000 10.000000 7.000000 1.215845e+18
969 25.000000 31.000000 10.000000 7.000000 1.215845e+18
970 25.000000 31.000000 10.000000 7.000000 1.215845e+18
971 25.000000 31.000000 10.000000 7.000000 1.215845e+18
972 25.000000 31.000000 10.000000 7.000000 1.215845e+18
973 25.000000 31.000000 10.000000 7.000000 1.215845e+18
974 25.000000 31.000000 10.000000 7.000000 1.215845e+18
975 25.000000 31.000000 10.000000 7.000000 1.215845e+18
976 25.000000 31.000000 10.000000 7.000000 1.215845e+18
977 25.000000 31.000000 10.000000 7.000000 1.215845e+18
978 25.000000 31.000000 10.000000 7.000000 1.215845e+18
979 25.000000 31.000000 10.000000 7.000000 1.215845e+18
980 25.000000 31.000000 10.000000 7.000000 1.215845e+18
981 25.000000 31.000000 10.000000 7.000000 1.215845e+18
982 25.000000 31.000000 10.000000 7.000000 1.215845e+18
983 25.000000 31.000000 10.000000 7.000000 1.215845e+18
984 25.000000 31.000000 10.000000 7.000000 1.215845e+18
985 25.000000 31.000000 10.000000 7.000000 1.215845e+18
986 25.000000 31.000000 10.000000 7.000000 1.215845e+18
987 25.000000 31.000000 10.000000 7.000000 1.215845e+18
988 25.000000 31.000000 10.000000 7.000000 1.215845e+18
989 25.000000 31.000000 10.000000 7.000000 1.215845e+18
990 25.000000 31.000000 10.000000 7.000000 1.215845e+18
991 25.000000 31.000000 10.000000 7.000000 1.215845e+18
992 25.000000 31.000000 10.000000 7.000000 1.215845e+18
993 25.000000 31.000000 10.000000 7.000000 1.215845e+18
994 25.000000 31.000000 10.000000 7.000000 1.215845e+18
995 25.000000 31.000000 10.000000 7.000000 1.215845e+18
996 25.000000 31.000000 10.000000 7.000000 1.215845e+18
997 25.000000 31.000000 10.000000 7.000000 1.215845e+18
998 25.000000 31.000000 10.000000 7.000000 1.215845e+18
999 25.000000 31.000000 10.000000 7.000000 1.215845e+18
