0 35.000000 26.000000 13.000000 7.000000 2.209228e+18
1 33.000000 23.000000 16.000000 7.000000 2.128381e+18
2 35.000000 21.000000 16.000000 8.000000 2.131857e+18
3 35.000000 21.000000 16.000000 8.000000 2.131857e+18
4 34.000000 21.000000 16.000000 7.000000 2.131629e+18
5 34.000000 23.000000 16.000000 6.000000 2.177253e+18
6 32.000000 26.000000 16.000000 6.000000 2.051172e+18
7 32.000000 26.000000 16.000000 6.000000 2.051172e+18
8 32.000000 26.000000 16.000000 6.000000 2.051172e+18
9 32.000000 26.000000 16.000000 6.000000 2.051172e+18
10 32.000000 26.000000 16.000000 6.000000 2.051172e+18
11 32.000000 26.000000 16.000000 6.000000 2.051172e+18
12 31.000000 31.000000 16.000000 6.000000 1.935299e+18
13 31.000000 31.000000 16.000000 6.000000 1.935299e+18
14 31.000000 31.000000 16.000000 6.000000 1.935299e+18
15 32.000000 28.000000 16.000000 7.000000 1.939461e+18
16 32.000000 28.000000 16.000000 7.000000 1.939461e+18
17 32.000000 28.000000 16.000000 7.000000 1.939461e+18
18 32.000000 28.000000 16.000000 7.000000 1.939461e+18
19 32.000000 28.000000 16.000000 7.000000 1.939461e+18
20 32.000000 28.000000 16.000000 7.000000 1.939461e+18
21 32.000000 28.000000 16.000000 7.000000 1.939461e+18
22 32.000000 28.000000 16.000000 7.000000 1.939461e+18
23 32.000000 28.000000 16.000000 7.000000 1.939461e+18
24 32.000000 28.000000 16.000000 7.000000 1.939461e+18
25 31.000000 32.000000 16.000000 6.000000 1.940908e+18
26 31.000000 32.000000 16.000000 6.000000 1.940908e+18
27 31.000000 32.000000 16.000000 6.000000 1.940908e+18
28 30.000000 34.000000 16.000000 6.000000 1.904075e+18
29 30.000000 34.000000 16.000000 6.000000 1.904075e+18
30 30.000000 34.000000 16.000000 6.000000 1.904075e+18
31 30.000000 34.000000 16.000000 6.000000 1.904075e+18
32 30.000000 34.000000 16.000000 6.000000 1.904075e+18
33 30.000000 34.000000 16.000000 6.000000 1.904075e+18
34 30.000000 34.000000 16.000000 6.000000 1.904075e+18
35 30.000000 34.000000 16.000000 6.000000 1.904075e+18
36 30.000000 34.000000 16.000000 6.000000 1.904075e+18
37 30.000000 34.000000 16.000000 6.000000 1.904075e+18
38 30.000000 34.000000 16.000000 6.000000 1.904075e+18
39 30.000000 34.000000 16.000000 6.000000 1.904075e+18
40 30.000000 34.000000 16.000000 6.000000 1.904075e+18
41 30.000000 34.000000 16.000000 6.000000 1.904075e+18
42 30.000000 34.000000 16.000000 6.000000 1.904075e+18
43 30.000000 34.000000 16.000000 6.000000 1.904075e+18
44 30.000000 34.000000 16.000000 6.000000 1.904075e+18
45 30.000000 34.000000 16.000000 6.000000 1.904075e+18
46 30.000000 34.000000 16.000000 6.000000 1.904075e+18
47 30.000000 34.000000 16.000000 6.000000 1.904075e+18
48 30.000000 34.000000 16.000000 6.000000 1.904075e+18
49 30.000000 34.000000 16.000000 6.000000 1.904075e+18
50 30.000000 34.000000 16.000000 6.000000 1.904075e+18
51 29.000000 33.000000 16.000000 5.000000 1.913730e+18
52 30.000000 31.000000 16.000000 5.000000 1.926170e+18
53 30.000000 31.000000 16.000000 5.000000 1.926170e+18
54 30.000000 31.000000 16.000000 5.000000 1.926170e+18
55 29.000000 31.000000 14.000000 4.000000 1.947968e+18
56 28.000000 29.000000 16.000000 4.000000 1.957067e+18
57 28.000000 29.000000 16.000000 4.000000 1.957067e+18
58 24.000000 28.000000 16.000000 4.000000 1.954569e+18
59 24.000000 28.000000 16.000000 4.000000 1.954569e+18
60 27.000000 27.000000 14.000000 3.000000 1.923993e+18
61 27.000000 27.000000 14.000000 3.000000 1.923993e+18
62 27.000000 27.000000 14.000000 3.000000 1.923993e+18
63 27.000000 27.000000 14.000000 3.000000 1.923993e+18
64 27.000000 27.000000 14.000000 3.000000 1.923993e+18
65 27.000000 27.000000 14.000000 3.000000 1.923993e+18
66 29.000000 30.000000 15.000000 4.000000 1.925320e+18
67 29.000000 30.000000 15.000000 4.000000 1.925320e+18
68 30.000000 30.000000 15.000000 5.000000 1.912669e+18
69 30.000000 30.000000 15.000000 5.000000 1.912669e+18
70 30.000000 30.000000 15.000000 5.000000 1.912669e+18
71 30.000000 30.000000 15.000000 5.000000 1.912669e+18
72 30.000000 30.000000 15.000000 5.000000 1.912669e+18
73 30.000000 30.000000 15.000000 5.000000 1.912669e+18
74 30.000000 30.000000 15.000000 5.000000 1.912669e+18
75 30.000000 30.000000 15.000000 5.000000 1.912669e+18
76 30.000000 30.000000 15.000000 5.000000 1.912669e+18
77 30.000000 30.000000 15.000000 5.000000 1.912669e+18
78 30.000000 30.000000 16.000000 5.000000 1.922317e+18
79 30.000000 30.000000 16.000000 5.000000 1.922317e+18
80 29.000000 32.000000 16.000000 5.000000 1.916630e+18
81 29.000000 32.000000 16.000000 5.000000 1.916630e+18
82 28.000000 34.000000 16.000000 5.000000 1.920271e+18
83 23.000000 30.000000 14.000000 4.000000 1.892196e+18
84 27.000000 33.000000 15.000000 4.000000 1.916266e+18
85 28.000000 31.000000 16.000000 4.000000 1.945622e+18
86 28.000000 31.000000 16.000000 4.000000 1.945622e+18
87 28.000000 31.000000 16.000000 4.000000 1.945622e+18
88 27.000000 34.000000 14.000000 4.000000 1.931527e+18
89 27.000000 34.000000 14.000000 4.000000 1.931527e+18
90 27.000000 34.000000 14.000000 4.000000 1.931527e+18
91 27.000000 34.000000 14.000000 4.000000 1.931527e+18
92 27.000000 34.000000 14.000000 4.000000 1.931527e+18
93 27.000000 34.000000 14.000000 4.000000 1.931527e+18
94 27.000000 34.000000 14.000000 4.000000 1.931527e+18
95 27.000000 34.000000 14.000000 4.000000 1.931527e+18
96 27.000000 34.000000 14.000000 4.000000 1.931527e+18
97 27.000000 34.000000 14.000000 4.000000 1.931527e+18
98 27.000000 34.000000 14.000000 4.000000 1.931527e+18
99 22.000000 29.000000 16.000000 5.000000 1.909952e+18
100 22.000000 29.000000 16.000000 5.000000 1.909952e+18
101 22.000000 29.000000 16.000000 5.000000 1.909952e+18
102 22.000000 29.000000 16.000000 5.000000 1.909952e+18
103 22.000000 29.000000 16.000000 5.000000 1.909952e+18
104 22.000000 29.000000 16.000000 5.000000 1.909952e+18
105 23.000000 30.000000 16.000000 4.000000 1.946469e+18
106 23.000000 30.000000 16.000000 4.000000 1.946469e+18
107 23.000000 30.000000 16.000000 4.000000 1.946469e+18
108 21.000000 30.000000 11.000000 5.000000 1.865819e+18
109 21.000000 30.000000 11.000000 5.000000 1.865819e+18
110 21.000000 30.000000 11.000000 5.000000 1.865819e+18
111 21.000000 30.000000 11.000000 5.000000 1.865819e+18
112 21.000000 30.000000 11.000000 5.000000 1.865819e+18
113 21.000000 30.000000 11.000000 5.000000 1.865819e+18
114 21.000000 30.000000 11.000000 5.000000 1.865819e+18
115 21.000000 30.000000 11.000000 5.000000 1.865819e+18
116 21.000000 30.000000 11.000000 5.000000 1.865819e+18
117 21.000000 30.000000 11.000000 5.000000 1.865819e+18
118 21.000000 30.000000 11.000000 5.000000 1.865819e+18
119 21.000000 30.000000 11.000000 5.000000 1.865819e+18
120 21.000000 30.000000 11.000000 5.000000 1.865819e+18
121 21.000000 30.000000 11.000000 5.000000 1.865819e+18
122 21.000000 30.000000 11.000000 5.000000 1.865819e+18
123 21.000000 30.000000 11.000000 5.000000 1.865819e+18
124 21.000000 30.000000 11.000000 5.000000 1.865819e+18
125 21.000000 30.000000 11.000000 5.000000 1.865819e+18
126 21.000000 30.000000 11.000000 5.000000 1.865819e+18
127 22.000000 26.000000 12.000000 5.000000 1.887011e+18
128 23.000000 30.000000 13.000000 4.000000 1.910942e+18
129 22.000000 27.000000 14.000000 5.000000 1.888249e+18
130 22.000000 27.000000 14.000000 5.000000 1.888249e+18
131 22.000000 27.000000 14.000000 5.000000 1.888249e+18
132 22.000000 27.000000 14.000000 5.000000 1.888249e+18
133 22.000000 27.000000 14.000000 5.000000 1.888249e+18
134 22.000000 27.000000 14.000000 5.000000 1.888249e+18
135 21.000000 31.000000 13.000000 5.000000 1.944183e+18
136 21.000000 31.000000 13.000000 5.000000 1.944183e+18
137 21.000000 31.000000 13.000000 5.000000 1.944183e+18
138 21.000000 31.000000 13.000000 5.000000 1.944183e+18
139 21.000000 31.000000 13.000000 5.000000 1.944183e+18
140 21.000000 31.000000 13.000000 5.000000 1.944183e+18
141 21.000000 31.000000 13.000000 5.000000 1.944183e+18
142 21.000000 31.000000 13.000000 5.000000 1.944183e+18
143 23.000000 30.000000 16.000000 4.000000 1.946469e+18
144 23.000000 30.000000 16.000000 4.000000 1.946469e+18
145 27.000000 26.000000 16.000000 4.000000 1.966291e+18
146 27.000000 26.000000 16.000000 4.000000 1.966291e+18
147 23.000000 27.000000 15.000000 4.000000 1.947744e+18
148 21.000000 30.000000 13.000000 5.000000 1.880952e+18
149 21.000000 30.000000 13.000000 5.000000 1.880952e+18
150 21.000000 30.000000 13.000000 5.000000 1.880952e+18
151 21.000000 30.000000 13.000000 5.000000 1.880952e+18
152 21.000000 30.000000 13.000000 5.000000 1.880952e+18
153 21.000000 30.000000 13.000000 5.000000 1.880952e+18
154 21.000000 30.000000 13.000000 5.000000 1.880952e+18
155 21.000000 30.000000 13.000000 5.000000 1.880952e+18
156 21.000000 30.000000 13.000000 5.000000 1.880952e+18
157 21.000000 30.000000 13.000000 5.000000 1.880952e+18
158 21.000000 30.000000 13.000000 5.000000 1.880952e+18
159 21.000000 30.000000 13.000000 5.000000 1.880952e+18
160 21.000000 30.000000 13.000000 5.000000 1.880952e+18
161 21.000000 30.000000 13.000000 5.000000 1.880952e+18
162 21.000000 30.000000 13.000000 5.000000 1.880952e+18
163 22.000000 26.000000 8.000000 5.000000 1.856961e+18
164 22.000000 26.000000 8.000000 5.000000 1.856961e+18
165 22.000000 26.000000 8.000000 5.000000 1.856961e+18
166 22.000000 26.000000 8.000000 5.000000 1.856961e+18
167 22.000000 26.000000 8.000000 5.000000 1.856961e+18
168 22.000000 26.000000 8.000000 5.000000 1.856961e+18
169 22.000000 26.000000 8.000000 5.000000 1.856961e+18
170 22.000000 26.000000 8.000000 5.000000 1.856961e+18
171 22.000000 26.000000 8.000000 5.000000 1.856961e+18
172 22.000000 26.000000 8.000000 5.000000 1.856961e+18
173 22.000000 26.000000 8.000000 5.000000 1.856961e+18
174 22.000000 26.000000 8.000000 5.000000 1.856961e+18
175 22.000000 26.000000 8.000000 5.000000 1.856961e+18
176 24.000000 27.000000 3.000000 6.000000 1.829092e+18
177 24.000000 27.000000 3.000000 6.000000 1.829092e+18
178 24.000000 27.000000 3.000000 6.000000 1.829092e+18
179 23.000000 28.000000 0.000000 7.000000 1.871723e+18
180 23.000000 28.000000 0.000000 7.000000 1.871723e+18
181 23.000000 28.000000 0.000000 7.000000 1.871723e+18
182 23.000000 30.000000 1.000000 7.000000 1.830948e+18
183 22.000000 30.000000 0.000000 8.000000 1.895564e+18
184 22.000000 30.000000 0.000000 8.000000 1.895564e+18
185 22.000000 30.000000 0.000000 8.000000 1.895564e+18
186 22.000000 30.000000 0.000000 8.000000 1.895564e+18
187 22.000000 30.000000 0.000000 8.000000 1.895564e+18
188 20.000000 27.000000 5.000000 7.000000 1.620069e+18
189 20.000000 27.000000 5.000000 7.000000 1.620069e+18
190 20.000000 27.000000 5.000000 7.000000 1.620069e+18
191 20.000000 27.000000 5.000000 7.000000 1.620069e+18
192 20.000000 27.000000 5.000000 7.000000 1.620069e+18
193 20.000000 27.000000 5.000000 7.000000 1.620069e+18
194 20.000000 27.000000 5.000000 7.000000 1.620069e+18
195 20.000000 27.000000 5.000000 7.000000 1.620069e+18
196 20.000000 27.000000 5.000000 7.000000 1.620069e+18
197 20.000000 27.000000 5.000000 7.000000 1.620069e+18
198 20.000000 27.000000 5.000000 7.000000 1.620069e+18
199 20.000000 27.000000 5.000000 7.000000 1.620069e+18
200 20.000000 27.000000 5.000000 7.000000 1.620069e+18
201 20.000000 27.000000 5.000000 7.000000 1.620069e+18
202 20.000000 27.000000 5.000000 7.000000 1.620069e+18
203 20.000000 27.000000 5.000000 7.000000 1.620069e+18
204 20.000000 27.000000 5.000000 7.000000 1.620069e+18
205 20.000000 27.000000 5.000000 7.000000 1.620069e+18
206 20.000000 27.000000 5.000000 7.000000 1.620069e+18
207 20.000000 27.000000 5.000000 7.000000 1.620069e+18
208 20.000000 27.000000 5.000000 7.000000 1.620069e+18
209 20.000000 27.000000 5.000000 7.000000 1.620069e+18
210 20.000000 27.000000 5.000000 7.000000 1.620069e+18
211 19.000000 30.000000 6.000000 7.000000 1.593903e+18
212 19.000000 30.000000 6.000000 7.000000 1.593903e+18
213 19.000000 30.000000 6.000000 7.000000 1.593903e+18
214 19.000000 30.000000 6.000000 7.000000 1.593903e+18
215 19.000000 30.000000 6.000000 7.000000 1.593903e+18
216 19.000000 30.000000 6.000000 7.000000 1.593903e+18
217 19.000000 30.000000 6.000000 7.000000 1.593903e+18
218 19.000000 30.000000 6.000000 7.000000 1.593903e+18
219 19.000000 30.000000 6.000000 7.000000 1.593903e+18
220 19.000000 30.000000 6.000000 7.000000 1.593903e+18
221 19.000000 30.000000 6.000000 7.000000 1.593903e+18
222 19.000000 30.000000 6.000000 7.000000 1.593903e+18
223 19.000000 30.000000 6.000000 7.000000 1.593903e+18
224 19.000000 30.000000 6.000000 7.000000 1.593903e+18
225 19.000000 30.000000 6.000000 7.000000 1.593903e+18
226 19.000000 30.000000 6.000000 7.000000 1.593903e+18
227 19.000000 30.000000 6.000000 7.000000 1.593903e+18
228 19.000000 30.000000 6.000000 7.000000 1.593903e+18
229 19.000000 30.000000 6.000000 7.000000 1.593903e+18
230 19.000000 30.000000 6.000000 7.000000 1.593903e+18
231 19.000000 30.000000 6.000000 7.000000 1.593903e+18
232 19.000000 30.000000 6.000000 7.000000 1.593903e+18
233 19.000000 30.000000 6.000000 7.000000 1.593903e+18
234 19.000000 30.000000 6.000000 7.000000 1.593903e+18
235 19.000000 30.000000 6.000000 7.000000 1.593903e+18
236 19.000000 30.000000 6.000000 7.000000 1.593903e+18
237 19.000000 30.000000 6.000000 7.000000 1.593903e+18
238 19.000000 28.000000 6.000000 7.000000 1.567969e+18
239 19.000000 28.000000 6.000000 7.000000 1.567969e+18
240 19.000000 28.000000 6.000000 7.000000 1.567969e+18
241 19.000000 28.000000 6.000000 7.000000 1.567969e+18
242 19.000000 28.000000 6.000000 7.000000 1.567969e+18
243 19.000000 28.000000 6.000000 7.000000 1.567969e+18
244 19.000000 28.000000 6.000000 7.000000 1.567969e+18
245 19.000000 28.000000 6.000000 7.000000 1.567969e+18
246 19.000000 28.000000 6.000000 7.000000 1.567969e+18
247 19.000000 28.000000 6.000000 7.000000 1.567969e+18
248 19.000000 28.000000 6.000000 7.000000 1.567969e+18
249 19.000000 28.000000 6.000000 7.000000 1.567969e+18
250 19.000000 28.000000 6.000000 7.000000 1.567969e+18
251 19.000000 28.000000 6.000000 7.000000 1.567969e+18
252 19.000000 28.000000 6.000000 7.000000 1.567969e+18
253 19.000000 28.000000 6.000000 7.000000 1.567969e+18
254 19.000000 28.000000 6.000000 7.000000 1.567969e+18
255 19.000000 28.000000 6.000000 7.000000 1.567969e+18
256 19.000000 28.000000 6.000000 7.000000 1.567969e+18
257 19.000000 28.000000 6.000000 7.000000 1.567969e+18
258 19.000000 28.000000 6.000000 7.000000 1.567969e+18
259 19.000000 28.000000 6.000000 7.000000 1.567969e+18
260 19.000000 28.000000 6.000000 7.000000 1.567969e+18
261 19.000000 28.000000 6.000000 7.000000 1.567969e+18
262 19.000000 28.000000 6.000000 7.000000 1.567969e+18
263 19.000000 28.000000 6.000000 7.000000 1.567969e+18
264 19.000000 28.000000 6.000000 7.000000 1.567969e+18
265 19.000000 28.000000 6.000000 7.000000 1.567969e+18
266 19.000000 28.000000 6.000000 7.000000 1.567969e+18
267 19.000000 28.000000 6.000000 7.000000 1.567969e+18
268 19.000000 28.000000 6.000000 7.000000 1.567969e+18
269 19.000000 28.000000 6.000000 7.000000 1.567969e+18
270 19.000000 28.000000 6.000000 7.000000 1.567969e+18
271 19.000000 28.000000 6.000000 7.000000 1.567969e+18
272 19.000000 28.000000 6.000000 7.000000 1.567969e+18
273 19.000000 28.000000 6.000000 7.000000 1.567969e+18
274 19.000000 28.000000 6.000000 7.000000 1.567969e+18
275 19.000000 28.000000 6.000000 7.000000 1.567969e+18
276 19.000000 28.000000 6.000000 7.000000 1.567969e+18
277 19.000000 28.000000 6.000000 7.000000 1.567969e+18
278 19.000000 28.000000 6.000000 7.000000 1.567969e+18
279 19.000000 28.000000 6.000000 7.000000 1.567969e+18
280 19.000000 28.000000 6.000000 7.000000 1.567969e+18
281 19.000000 28.000000 6.000000 7.000000 1.567969e+18
282 19.000000 28.000000 6.000000 7.000000 1.567969e+18
283 19.000000 28.000000 6.000000 7.000000 1.567969e+18
284 19.000000 28.000000 6.000000 7.000000 1.567969e+18
285 19.000000 28.000000 6.000000 7.000000 1.567969e+18
286 19.000000 28.000000 6.000000 7.000000 1.567969e+18
287 19.000000 28.000000 6.000000 7.000000 1.567969e+18
288 19.000000 28.000000 6.000000 7.000000 1.567969e+18
289 19.000000 28.000000 6.000000 7.000000 1.567969e+18
290 19.000000 28.000000 6.000000 7.000000 1.567969e+18
291 19.000000 28.000000 6.000000 7.000000 1.567969e+18
292 19.000000 28.000000 6.000000 7.000000 1.567969e+18
293 19.000000 28.000000 6.000000 7.000000 1.567969e+18
294 19.000000 28.000000 6.000000 7.000000 1.567969e+18
295 19.000000 28.000000 6.000000 7.000000 1.567969e+18
296 19.000000 28.000000 6.000000 7.000000 1.567969e+18
297 19.000000 28.000000 6.000000 7.000000 1.567969e+18
298 19.000000 28.000000 6.000000 7.000000 1.567969e+18
299 19.000000 28.000000 6.000000 7.000000 1.567969e+18
300 19.000000 28.000000 6.000000 7.000000 1.567969e+18
301 19.000000 28.000000 6.000000 7.000000 1.567969e+18
302 19.000000 28.000000 6.000000 7.000000 1.567969e+18
303 19.000000 28.000000 6.000000 7.000000 1.567969e+18
304 19.000000 28.000000 6.000000 7.000000 1.567969e+18
305 19.000000 28.000000 6.000000 7.000000 1.567969e+18
306 19.000000 28.000000 6.000000 7.000000 1.567969e+18
307 19.000000 28.000000 6.000000 7.000000 1.567969e+18
308 19.000000 31.000000 7.000000 7.000000 1.612656e+18
309 19.000000 31.000000 7.000000 7.000000 1.612656e+18
310 19.000000 31.000000 7.000000 7.000000 1.612656e+18
311 19.000000 31.000000 7.000000 7.000000 1.612656e+18
312 19.000000 31.000000 7.000000 7.000000 1.612656e+18
313 19.000000 31.000000 7.000000 7.000000 1.612656e+18
314 19.000000 31.000000 7.000000 7.000000 1.612656e+18
315 19.000000 31.000000 7.000000 7.000000 1.612656e+18
316 19.000000 31.000000 7.000000 7.000000 1.612656e+18
317 19.000000 31.000000 7.000000 7.000000 1.612656e+18
318 19.000000 31.000000 7.000000 7.000000 1.612656e+18
319 19.000000 31.000000 7.000000 7.000000 1.612656e+18
320 19.000000 31.000000 7.000000 7.000000 1.612656e+18
321 19.000000 31.000000 7.000000 7.000000 1.612656e+18
322 19.000000 31.000000 7.000000 7.000000 1.612656e+18
323 19.000000 31.000000 7.000000 7.000000 1.612656e+18
324 19.000000 31.000000 7.000000 7.000000 1.612656e+18
325 19.000000 31.000000 7.000000 7.000000 1.612656e+18
326 19.000000 31.000000 7.000000 7.000000 1.612656e+18
327 19.000000 31.000000 7.000000 7.000000 1.612656e+18
328 19.000000 31.000000 7.000000 7.000000 1.612656e+18
329 19.000000 31.000000 7.000000 7.000000 1.612656e+18
330 19.000000 31.000000 7.000000 7.000000 1.612656e+18
331 19.000000 31.000000 7.000000 7.000000 1.612656e+18
332 19.000000 31.000000 7.000000 7.000000 1.612656e+18
333 19.000000 31.000000 7.000000 7.000000 1.612656e+18
334 19.000000 31.000000 7.000000 7.000000 1.612656e+18
335 19.000000 31.000000 7.000000 7.000000 1.612656e+18
336 19.000000 31.000000 7.000000 7.000000 1.612656e+18
337 19.000000 31.000000 7.000000 7.000000 1.612656e+18
338 19.000000 31.000000 7.000000 7.000000 1.612656e+18
339 19.000000 31.000000 7.000000 7.000000 1.612656e+18
340 19.000000 31.000000 7.000000 7.000000 1.612656e+18
341 19.000000 31.000000 7.000000 7.000000 1.612656e+18
342 19.000000 31.000000 7.000000 7.000000 1.612656e+18
343 19.000000 31.000000 7.000000 7.000000 1.612656e+18
344 19.000000 31.000000 7.000000 7.000000 1.612656e+18
345 19.000000 31.000000 7.000000 7.000000 1.612656e+18
346 19.000000 31.000000 7.000000 7.000000 1.612656e+18
347 19.000000 31.000000 7.000000 7.000000 1.612656e+18
348 19.000000 31.000000 7.000000 7.000000 1.612656e+18
349 19.000000 31.000000 7.000000 7.000000 1.612656e+18
350 19.000000 31.000000 7.000000 7.000000 1.612656e+18
351 19.000000 31.000000 7.000000 7.000000 1.612656e+18
352 19.000000 31.000000 7.000000 7.000000 1.612656e+18
353 19.000000 31.000000 7.000000 7.000000 1.612656e+18
354 19.000000 31.000000 7.000000 7.000000 1.612656e+18
355 19.000000 31.000000 7.000000 7.000000 1.612656e+18
356 19.000000 31.000000 7.000000 7.000000 1.612656e+18
357 19.000000 28.000000 8.000000 7.000000 1.443950e+18
358 19.000000 28.000000 8.000000 7.000000 1.443950e+18
359 19.000000 28.000000 8.000000 7.000000 1.443950e+18
360 19.000000 28.000000 8.000000 7.000000 1.443950e+18
361 19.000000 28.000000 8.000000 7.000000 1.443950e+18
362 19.000000 28.000000 8.000000 7.000000 1.443950e+18
363 19.000000 28.000000 8.000000 7.000000 1.443950e+18
364 19.000000 28.000000 8.000000 7.000000 1.443950e+18
365 19.000000 28.000000 8.000000 7.000000 1.443950e+18
366 19.000000 28.000000 8.000000 7.000000 1.443950e+18
367 19.000000 28.000000 8.000000 7.000000 1.443950e+18
368 19.000000 28.000000 8.000000 7.000000 1.443950e+18
369 19.000000 28.000000 8.000000 7.000000 1.443950e+18
370 19.000000 28.000000 8.000000 7.000000 1.443950e+18
371 19.000000 28.000000 8.000000 7.000000 1.443950e+18
372 19.000000 28.000000 8.000000 7.000000 1.443950e+18
373 19.000000 28.000000 8.000000 7.000000 1.443950e+18
374 19.000000 28.000000 8.000000 7.000000 1.443950e+18
375 19.000000 28.000000 8.000000 7.000000 1.443950e+18
376 19.000000 28.000000 8.000000 7.000000 1.443950e+18
377 19.000000 28.000000 8.000000 7.000000 1.443950e+18
378 19.000000 28.000000 8.000000 7.000000 1.443950e+18
379 19.000000 28.000000 8.000000 7.000000 1.443950e+18
380 19.000000 28.000000 8.000000 7.000000 1.443950e+18
381 19.000000 28.000000 8.000000 7.000000 1.443950e+18
382 19.000000 28.000000 8.000000 7.000000 1.443950e+18
383 19.000000 28.000000 8.000000 7.000000 1.443950e+18
384 19.000000 28.000000 8.000000 7.000000 1.443950e+18
385 19.000000 28.000000 8.000000 7.000000 1.443950e+18
386 19.000000 28.000000 8.000000 7.000000 1.443950e+18
387 19.000000 28.000000 8.000000 7.000000 1.443950e+18
388 19.000000 28.000000 8.000000 7.000000 1.443950e+18
389 19.000000 28.000000 8.000000 7.000000 1.443950e+18
390 19.000000 28.000000 8.000000 7.000000 1.443950e+18
391 19.000000 28.000000 8.000000 7.000000 1.443950e+18
392 19.000000 28.000000 8.000000 7.000000 1.443950e+18
393 19.000000 28.000000 8.000000 7.000000 1.443950e+18
394 19.000000 28.000000 8.000000 7.000000 1.443950e+18
395 19.000000 28.000000 8.000000 7.000000 1.443950e+18
396 19.000000 28.000000 8.000000 7.000000 1.443950e+18
397 19.000000 28.000000 8.000000 7.000000 1.443950e+18
398 19.000000 28.000000 8.000000 7.000000 1.443950e+18
399 19.000000 28.000000 8.000000 7.000000 1.443950e+18
400 19.000000 28.000000 8.000000 7.000000 1.443950e+18
401 19.000000 28.000000 8.000000 7.000000 1.443950e+18
402 19.000000 28.000000 8.000000 7.000000 1.443950e+18
403 19.000000 28.000000 8.000000 7.000000 1.443950e+18
404 19.000000 28.000000 8.000000 7.000000 1.443950e+18
405 19.000000 28.000000 8.000000 7.000000 1.443950e+18
406 19.000000 28.000000 8.000000 7.000000 1.443950e+18
407 19.000000 28.000000 8.000000 7.000000 1.443950e+18
408 19.000000 28.000000 8.000000 7.000000 1.443950e+18
409 19.000000 28.000000 8.000000 7.000000 1.443950e+18
410 19.000000 28.000000 8.000000 7.000000 1.443950e+18
411 19.000000 28.000000 8.000000 7.000000 1.443950e+18
412 19.000000 28.000000 8.000000 7.000000 1.443950e+18
413 19.000000 28.000000 8.000000 7.000000 1.443950e+18
414 19.000000 28.000000 8.000000 7.000000 1.443950e+18
415 19.000000 28.000000 8.000000 7.000000 1.443950e+18
416 19.000000 28.000000 8.000000 7.000000 1.443950e+18
417 19.000000 28.000000 8.000000 7.000000 1.443950e+18
418 19.000000 28.000000 8.000000 7.000000 1.443950e+18
419 19.000000 28.000000 8.000000 7.000000 1.443950e+18
420 19.000000 28.000000 8.000000 7.000000 1.443950e+18
421 19.000000 28.000000 8.000000 7.000000 1.443950e+18
422 19.000000 28.000000 8.000000 7.000000 1.443950e+18
423 19.000000 28.000000 8.000000 7.000000 1.443950e+18
424 19.000000 28.000000 8.000000 7.000000 1.443950e+18
425 19.000000 28.000000 8.000000 7.000000 1.443950e+18
426 19.000000 28.000000 8.000000 7.000000 1.443950e+18
427 19.000000 28.000000 8.000000 7.000000 1.443950e+18
428 19.000000 28.000000 8.000000 7.000000 1.443950e+18
429 19.000000 28.000000 8.000000 7.000000 1.443950e+18
430 19.000000 28.000000 8.000000 7.000000 1.443950e+18
431 19.000000 28.000000 8.000000 7.000000 1.443950e+18
432 19.000000 28.000000 8.000000 7.000000 1.443950e+18
433 19.000000 28.000000 8.000000 7.000000 1.443950e+18
434 19.000000 28.000000 8.000000 7.000000 1.443950e+18
435 19.000000 28.000000 8.000000 7.000000 1.443950e+18
436 19.000000 28.000000 8.000000 7.000000 1.443950e+18
437 19.000000 28.000000 8.000000 7.000000 1.443950e+18
438 19.000000 28.000000 8.000000 7.000000 1.443950e+18
439 19.000000 28.000000 8.000000 7.000000 1.443950e+18
440 19.000000 28.000000 8.000000 7.000000 1.443950e+18
441 19.000000 28.000000 8.000000 7.000000 1.443950e+18
442 19.000000 28.000000 8.000000 7.000000 1.443950e+18
443 19.000000 28.000000 8.000000 7.000000 1.443950e+18
444 19.000000 28.000000 8.000000 7.000000 1.443950e+18
445 19.000000 28.000000 8.000000 7.000000 1.443950e+18
446 19.000000 28.000000 8.000000 7.000000 1.443950e+18
447 19.000000 28.000000 8.000000 7.000000 1.443950e+18
448 19.000000 28.000000 8.000000 7.000000 1.443950e+18
449 19.000000 28.000000 8.000000 7.000000 1.443950e+18
450 19.000000 28.000000 8.000000 7.000000 1.443950e+18
451 19.000000 28.000000 8.000000 7.000000 1.443950e+18
452 19.000000 28.000000 8.000000 7.000000 1.443950e+18
453 19.000000 28.000000 8.000000 7.000000 1.443950e+18
454 19.000000 28.000000 8.000000 7.000000 1.443950e+18
455 19.000000 28.000000 8.000000 7.000000 1.443950e+18
456 19.000000 28.000000 8.000000 7.000000 1.443950e+18
457 19.000000 28.000000 8.000000 7.000000 1.443950e+18
458 19.000000 28.000000 8.000000 7.000000 1.443950e+18
459 19.000000 28.000000 8.000000 7.000000 1.443950e+18
460 19.000000 28.000000 8.000000 7.000000 1.443950e+18
461 19.000000 28.000000 8.000000 7.000000 1.443950e+18
462 19.000000 28.000000 8.000000 7.000000 1.443950e+18
463 19.000000 28.000000 8.000000 7.000000 1.443950e+18
464 19.000000 28.000000 8.000000 7.000000 1.443950e+18
465 19.000000 28.000000 8.000000 7.000000 1.443950e+18
466 19.000000 28.000000 8.000000 7.000000 1.443950e+18
467 19.000000 28.000000 8.000000 7.000000 1.443950e+18
468 19.000000 28.000000 8.000000 7.000000 1.443950e+18
469 19.000000 28.000000 8.000000 7.000000 1.443950e+18
470 19.000000 28.000000 8.000000 7.000000 1.443950e+18
471 19.000000 28.000000 8.000000 7.000000 1.443950e+18
472 19.000000 28.000000 8.000000 7.000000 1.443950e+18
473 19.000000 28.000000 8.000000 7.000000 1.443950e+18
474 19.000000 28.000000 8.000000 7.000000 1.443950e+18
475 19.000000 28.000000 8.000000 7.000000 1.443950e+18
476 19.000000 28.000000 8.000000 7.000000 1.443950e+18
477 19.000000 28.000000 8.000000 7.000000 1.443950e+18
478 19.000000 28.000000 8.000000 7.000000 1.443950e+18
479 19.000000 28.000000 8.000000 7.000000 1.443950e+18
480 19.000000 28.000000 8.000000 7.000000 1.443950e+18
481 19.000000 28.000000 8.000000 7.000000 1.443950e+18
482 19.000000 28.000000 8.000000 7.000000 1.443950e+18
483 19.000000 28.000000 8.000000 7.000000 1.443950e+18
484 19.000000 28.000000 8.000000 7.000000 1.443950e+18
485 19.000000 28.000000 8.000000 7.000000 1.443950e+18
486 19.000000 28.000000 8.000000 7.000000 1.443950e+18
487 19.000000 28.000000 8.000000 7.000000 1.443950e+18
488 19.000000 28.000000 8.000000 7.000000 1.443950e+18
489 19.000000 28.000000 8.000000 7.000000 1.443950e+18
490 19.000000 28.000000 8.000000 7.000000 1.443950e+18
491 19.000000 28.000000 8.000000 7.000000 1.443950e+18
492 19.000000 28.000000 8.000000 7.000000 1.443950e+18
493 19.000000 28.000000 8.000000 7.000000 1.443950e+18
494 19.000000 28.000000 8.000000 7.000000 1.443950e+18
495 19.000000 28.000000 8.000000 7.000000 1.443950e+18
496 19.000000 28.000000 8.000000 7.000000 1.443950e+18
497 19.000000 28.000000 8.000000 7.000000 1.443950e+18
498 19.000000 28.000000 8.000000 7.000000 1.443950e+18
499 19.000000 28.000000 8.000000 7.000000 1.443950e+18
500 19.000000 28.000000 8.000000 7.000000 1.443950e+18
501 19.000000 28.000000 8.000000 7.000000 1.443950e+18
502 19.000000 28.000000 8.000000 7.000000 1.443950e+18
503 19.000000 28.000000 8.000000 7.000000 1.443950e+18
504 19.000000 28.000000 8.000000 7.000000 1.443950e+18
505 19.000000 28.000000 8.000000 7.000000 1.443950e+18
506 19.000000 28.000000 8.000000 7.000000 1.443950e+18
507 19.000000 28.000000 8.000000 7.000000 1.443950e+18
508 19.000000 28.000000 8.000000 7.000000 1.443950e+18
509 19.000000 28.000000 8.000000 7.000000 1.443950e+18
510 19.000000 28.000000 8.000000 7.000000 1.443950e+18
511 19.000000 28.000000 8.000000 7.000000 1.443950e+18
512 19.000000 28.000000 8.000000 7.000000 1.443950e+18
513 19.000000 28.000000 8.000000 7.000000 1.443950e+18
514 19.000000 28.000000 8.000000 7.000000 1.443950e+18
515 19.000000 28.000000 8.000000 7.000000 1.443950e+18
516 19.000000 28.000000 8.000000 7.000000 1.443950e+18
517 19.000000 28.000000 8.000000 7.000000 1.443950e+18
518 19.000000 28.000000 8.000000 7.000000 1.443950e+18
519 19.000000 28.000000 8.000000 7.000000 1.443950e+18
520 19.000000 28.000000 8.000000 7.000000 1.443950e+18
521 19.000000 28.000000 8.000000 7.000000 1.443950e+18
522 19.000000 28.000000 8.000000 7.000000 1.443950e+18
523 19.000000 28.000000 8.000000 7.000000 1.443950e+18
524 19.000000 28.000000 8.000000 7.000000 1.443950e+18
525 19.000000 28.000000 8.000000 7.000000 1.443950e+18
526 19.000000 28.000000 8.000000 7.000000 1.443950e+18
527 19.000000 28.000000 8.000000 7.000000 1.443950e+18
528 19.000000 28.000000 8.000000 7.000000 1.443950e+18
529 19.000000 28.000000 8.000000 7.000000 1.443950e+18
530 19.000000 28.000000 8.000000 7.000000 1.443950e+18
531 19.000000 28.000000 8.000000 7.000000 1.443950e+18
532 19.000000 28.000000 8.000000 7.000000 1.443950e+18
533 19.000000 28.000000 8.000000 7.000000 1.443950e+18
534 19.000000 28.000000 8.000000 7.000000 1.443950e+18
535 19.000000 28.000000 8.000000 7.000000 1.443950e+18
536 19.000000 28.000000 8.000000 7.000000 1.443950e+18
537 19.000000 28.000000 8.000000 7.000000 1.443950e+18
538 19.000000 28.000000 8.000000 7.000000 1.443950e+18
539 19.000000 28.000000 8.000000 7.000000 1.443950e+18
540 19.000000 28.000000 8.000000 7.000000 1.443950e+18
541 19.000000 28.000000 8.000000 7.000000 1.443950e+18
542 19.000000 28.000000 8.000000 7.000000 1.443950e+18
543 19.000000 28.000000 8.000000 7.000000 1.443950e+18
544 19.000000 28.000000 8.000000 7.000000 1.443950e+18
545 19.000000 28.000000 8.000000 7.000000 1.443950e+18
546 19.000000 28.000000 8.000000 7.000000 1.443950e+18
547 19.000000 28.000000 8.000000 7.000000 1.443950e+18
548 19.000000 28.000000 8.000000 7.000000 1.443950e+18
549 19.000000 28.000000 8.000000 7.000000 1.443950e+18
550 19.000000 28.000000 8.000000 7.000000 1.443950e+18
551 19.000000 28.000000 8.000000 7.000000 1.443950e+18
552 19.000000 28.000000 8.000000 7.000000 1.443950e+18
553 19.000000 28.000000 8.000000 7.000000 1.443950e+18
554 19.000000 28.000000 8.000000 7.000000 1.443950e+18
555 19.000000 28.000000 8.000000 7.000000 1.443950e+18
556 19.000000 28.000000 8.000000 7.000000 1.443950e+18
557 19.000000 28.000000 8.000000 7.000000 1.443950e+18
558 19.000000 28.000000 8.000000 7.000000 1.443950e+18
559 19.000000 28.000000 8.000000 7.000000 1.443950e+18
560 19.000000 28.000000 8.000000 7.000000 1.443950e+18
561 19.000000 28.000000 8.000000 7.000000 1.443950e+18
562 19.000000 28.000000 8.000000 7.000000 1.443950e+18
563 19.000000 28.000000 8.000000 7.000000 1.443950e+18
564 19.000000 28.000000 8.000000 7.000000 1.443950e+18
565 19.000000 28.000000 8.000000 7.000000 1.443950e+18
566 19.000000 28.000000 8.000000 7.000000 1.443950e+18
567 19.000000 28.000000 8.000000 7.000000 1.443950e+18
568 19.000000 28.000000 8.000000 7.000000 1.443950e+18
569 19.000000 28.000000 8.000000 7.000000 1.443950e+18
570 19.000000 28.000000 8.000000 7.000000 1.443950e+18
571 19.000000 28.000000 8.000000 7.000000 1.443950e+18
572 19.000000 28.000000 8.000000 7.000000 1.443950e+18
573 19.000000 28.000000 8.000000 7.000000 1.443950e+18
574 19.000000 28.000000 8.000000 7.000000 1.443950e+18
575 19.000000 28.000000 8.000000 7.000000 1.443950e+18
576 19.000000 28.000000 8.000000 7.000000 1.443950e+18
577 19.000000 28.000000 8.000000 7.000000 1.443950e+18
578 19.000000 28.000000 8.000000 7.000000 1.443950e+18
579 19.000000 28.000000 8.000000 7.000000 1.443950e+18
580 19.000000 28.000000 8.000000 7.000000 1.443950e+18
581 19.000000 28.000000 8.000000 7.000000 1.443950e+18
582 19.000000 28.000000 8.000000 7.000000 1.443950e+18
583 19.000000 28.000000 8.000000 7.000000 1.443950e+18
584 19.000000 28.000000 8.000000 7.000000 1.443950e+18
585 19.000000 28.000000 8.000000 7.000000 1.443950e+18
586 19.000000 28.000000 8.000000 7.000000 1.443950e+18
587 19.000000 28.000000 8.000000 7.000000 1.443950e+18
588 19.000000 28.000000 8.000000 7.000000 1.443950e+18
589 19.000000 28.000000 8.000000 7.000000 1.443950e+18
590 19.000000 28.000000 8.000000 7.000000 1.443950e+18
591 19.000000 28.000000 8.000000 7.000000 1.443950e+18
592 19.000000 28.000000 8.000000 7.000000 1.443950e+18
593 19.000000 28.000000 8.000000 7.000000 1.443950e+18
594 19.000000 28.000000 8.000000 7.000000 1.443950e+18
595 19.000000 28.000000 8.000000 7.000000 1.443950e+18
596 19.000000 28.000000 8.000000 7.000000 1.443950e+18
597 19.000000 28.000000 8.000000 7.000000 1.443950e+18
598 19.000000 28.000000 8.000000 7.000000 1.443950e+18
599 19.000000 28.000000 8.000000 7.000000 1.443950e+18
600 19.000000 28.000000 8.000000 7.000000 1.443950e+18
601 19.000000 28.000000 8.000000 7.000000 1.443950e+18
602 19.000000 28.000000 8.000000 7.000000 1.443950e+18
603 19.000000 28.000000 8.000000 7.000000 1.443950e+18
604 19.000000 28.000000 8.000000 7.000000 1.443950e+18
605 19.000000 28.000000 8.000000 7.000000 1.443950e+18
606 19.000000 28.000000 8.000000 7.000000 1.443950e+18
607 19.000000 28.000000 8.000000 7.000000 1.443950e+18
608 19.000000 28.000000 8.000000 7.000000 1.443950e+18
609 19.000000 28.000000 8.000000 7.000000 1.443950e+18
610 19.000000 28.000000 8.000000 7.000000 1.443950e+18
611 19.000000 28.000000 8.000000 7.000000 1.443950e+18
612 19.000000 28.000000 8.000000 7.000000 1.443950e+18
613 19.000000 28.000000 8.000000 7.000000 1.443950e+18
614 19.000000 28.000000 8.000000 7.000000 1.443950e+18
615 19.000000 28.000000 8.000000 7.000000 1.443950e+18
616 19.000000 28.000000 8.000000 7.000000 1.443950e+18
617 19.000000 28.000000 8.000000 7.000000 1.443950e+18
618 19.000000 28.000000 8.000000 7.000000 1.443950e+18
619 19.000000 28.000000 8.000000 7.000000 1.443950e+18
620 19.000000 28.000000 8.000000 7.000000 1.443950e+18
621 19.000000 28.000000 8.000000 7.000000 1.443950e+18
622 19.000000 28.000000 8.000000 7.000000 1.443950e+18
623 19.000000 28.000000 8.000000 7.000000 1.443950e+18
624 19.000000 28.000000 8.000000 7.000000 1.443950e+18
625 19.000000 28.000000 8.000000 7.000000 1.443950e+18
626 19.000000 28.000000 8.000000 7.000000 1.443950e+18
627 19.000000 28.000000 8.000000 7.000000 1.443950e+18
628 19.000000 28.000000 8.000000 7.000000 1.443950e+18
629 19.000000 28.000000 8.000000 7.000000 1.443950e+18
630 19.000000 28.000000 8.000000 7.000000 1.443950e+18
631 19.000000 28.000000 8.000000 7.000000 1.443950e+18
632 19.000000 28.000000 8.000000 7.000000 1.443950e+18
633 19.000000 28.000000 8.000000 7.000000 1.443950e+18
634 19.000000 28.000000 8.000000 7.000000 1.443950e+18
635 19.000000 28.000000 8.000000 7.000000 1.443950e+18
636 19.000000 28.000000 8.000000 7.000000 1.443950e+18
637 19.000000 28.000000 8.000000 7.000000 1.443950e+18
638 19.000000 28.000000 8.000000 7.000000 1.443950e+18
639 19.000000 28.000000 8.000000 7.000000 1.443950e+18
640 19.000000 28.000000 8.000000 7.000000 1.443950e+18
641 19.000000 28.000000 8.000000 7.000000 1.443950e+18
642 19.000000 28.000000 8.000000 7.000000 1.443950e+18
643 19.000000 28.000000 8.000000 7.000000 1.443950e+18
644 19.000000 28.000000 8.000000 7.000000 1.443950e+18
645 19.000000 28.000000 8.000000 7.000000 1.443950e+18
646 19.000000 28.000000 8.000000 7.000000 1.443950e+18
647 19.000000 28.000000 8.000000 7.000000 1.443950e+18
648 19.000000 28.000000 8.000000 7.000000 1.443950e+18
649 19.000000 28.000000 8.000000 7.000000 1.443950e+18
650 19.000000 28.000000 8.000000 7.000000 1.443950e+18
651 19.000000 28.000000 8.000000 7.000000 1.443950e+18
652 19.000000 28.000000 8.000000 7.000000 1.443950e+18
653 19.000000 28.000000 8.000000 7.000000 1.443950e+18
654 19.000000 28.000000 8.000000 7.000000 1.443950e+18
655 19.000000 28.000000 8.000000 7.000000 1.443950e+18
656 19.000000 28.000000 8.000000 7.000000 1.443950e+18
657 19.000000 28.000000 8.000000 7.000000 1.443950e+18
658 19.000000 28.000000 8.000000 7.000000 1.443950e+18
659 19.000000 28.000000 8.000000 7.000000 1.443950e+18
660 19.000000 28.000000 8.000000 7.000000 1.443950e+18
661 19.000000 28.000000 8.000000 7.000000 1.443950e+18
662 19.000000 28.000000 8.000000 7.000000 1.443950e+18
663 19.000000 28.000000 8.000000 7.000000 1.443950e+18
664 19.000000 28.000000 8.000000 7.000000 1.443950e+18
665 19.000000 28.000000 8.000000 7.000000 1.443950e+18
666 19.000000 28.000000 8.000000 7.000000 1.443950e+18
667 19.000000 28.000000 8.000000 7.000000 1.443950e+18
668 19.000000 28.000000 8.000000 7.000000 1.443950e+18
669 19.000000 28.000000 8.000000 7.000000 1.443950e+18
670 19.000000 28.000000 8.000000 7.000000 1.443950e+18
671 19.000000 28.000000 8.000000 7.000000 1.443950e+18
672 19.000000 28.000000 8.000000 7.000000 1.443950e+18
673 19.000000 28.000000 8.000000 7.000000 1.443950e+18
674 19.000000 28.000000 8.000000 7.000000 1.443950e+18
675 19.000000 28.000000 8.000000 7.000000 1.443950e+18
676 19.000000 28.000000 8.000000 7.000000 1.443950e+18
677 19.000000 28.000000 8.000000 7.000000 1.443950e+18
678 19.000000 28.000000 8.000000 7.000000 1.443950e+18
679 19.000000 28.000000 8.000000 7.000000 1.443950e+18
680 19.000000 28.000000 8.000000 7.000000 1.443950e+18
681 19.000000 28.000000 8.000000 7.000000 1.443950e+18
682 19.000000 28.000000 8.000000 7.000000 1.443950e+18
683 19.000000 28.000000 8.000000 7.000000 1.443950e+18
684 19.000000 28.000000 8.000000 7.000000 1.443950e+18
685 19.000000 28.000000 8.000000 7.000000 1.443950e+18
686 19.000000 28.000000 8.000000 7.000000 1.443950e+18
687 19.000000 28.000000 8.000000 7.000000 1.443950e+18
688 19.000000 28.000000 8.000000 7.000000 1.443950e+18
689 19.000000 28.000000 8.000000 7.000000 1.443950e+18
690 19.000000 28.000000 8.000000 7.000000 1.443950e+18
691 19.000000 28.000000 8.000000 7.000000 1.443950e+18
692 19.000000 28.000000 8.000000 7.000000 1.443950e+18
693 19.000000 28.000000 8.000000 7.000000 1.443950e+18
694 19.000000 28.000000 8.000000 7.000000 1.443950e+18
695 19.000000 28.000000 8.000000 7.000000 1.443950e+18
696 19.000000 28.000000 8.000000 7.000000 1.443950e+18
697 19.000000 28.000000 8.000000 7.000000 1.443950e+18
698 19.000000 28.000000 8.000000 7.000000 1.443950e+18
699 19.000000 28.000000 8.000000 7.000000 1.443950e+18
700 19.000000 28.000000 8.000000 7.000000 1.443950e+18
701 19.000000 28.000000 8.000000 7.000000 1.443950e+18
702 19.000000 28.000000 8.000000 7.000000 1.443950e+18
703 19.000000 28.000000 8.000000 7.000000 1.443950e+18
704 19.000000 28.000000 8.000000 7.000000 1.443950e+18
705 19.000000 28.000000 8.000000 7.000000 1.443950e+18
706 19.000000 28.000000 8.000000 7.000000 1.443950e+18
707 19.000000 28.000000 8.000000 7.000000 1.443950e+18
708 19.000000 28.000000 8.000000 7.000000 1.443950e+18
709 19.000000 28.000000 8.000000 7.000000 1.443950e+18
710 19.000000 28.000000 8.000000 7.000000 1.443950e+18
711 19.000000 28.000000 8.000000 7.000000 1.443950e+18
712 19.000000 28.000000 8.000000 7.000000 1.443950e+18
713 19.000000 28.000000 8.000000 7.000000 1.443950e+18
714 19.000000 28.000000 8.000000 7.000000 1.443950e+18
715 19.000000 28.000000 8.000000 7.000000 1.443950e+18
716 19.000000 28.000000 8.000000 7.000000 1.443950e+18
717 19.000000 28.000000 8.000000 7.000000 1.443950e+18
718 19.000000 28.000000 8.000000 7.000000 1.443950e+18
719 19.000000 28.000000 8.000000 7.000000 1.443950e+18
720 19.000000 28.000000 8.000000 7.000000 1.443950e+18
721 19.000000 28.000000 8.000000 7.000000 1.443950e+18
722 19.000000 28.000000 8.000000 7.000000 1.443950e+18
723 19.000000 28.000000 8.000000 7.000000 1.443950e+18
724 19.000000 28.000000 8.000000 7.000000 1.443950e+18
725 19.000000 28.000000 8.000000 7.000000 1.443950e+18
726 19.000000 28.000000 8.000000 7.000000 1.443950e+18
727 19.000000 28.000000 8.000000 7.000000 1.443950e+18
728 19.000000 28.000000 8.000000 7.000000 1.443950e+18
729 19.000000 28.000000 8.000000 7.000000 1.443950e+18
730 19.000000 28.000000 8.000000 7.000000 1.443950e+18
731 19.000000 28.000000 8.000000 7.000000 1.443950e+18
732 19.000000 28.000000 8.000000 7.000000 1.443950e+18
733 19.000000 28.000000 8.000000 7.000000 1.443950e+18
734 19.000000 28.000000 8.000000 7.000000 1.443950e+18
735 19.000000 28.000000 8.000000 7.000000 1.443950e+18
736 19.000000 28.000000 8.000000 7.000000 1.443950e+18
737 19.000000 28.000000 8.000000 7.000000 1.443950e+18
738 19.000000 28.000000 8.000000 7.000000 1.443950e+18
739 19.000000 28.000000 8.000000 7.000000 1.443950e+18
740 19.000000 28.000000 8.000000 7.000000 1.443950e+18
741 19.000000 28.000000 8.000000 7.000000 1.443950e+18
742 19.000000 28.000000 8.000000 7.000000 1.443950e+18
743 19.000000 28.000000 8.000000 7.000000 1.443950e+18
744 19.000000 28.000000 8.000000 7.000000 1.443950e+18
745 19.000000 28.000000 8.000000 7.000000 1.443950e+18
746 19.000000 28.000000 8.000000 7.000000 1.443950e+18
747 19.000000 28.000000 8.000000 7.000000 1.443950e+18
748 19.000000 28.000000 8.000000 7.000000 1.443950e+18
749 19.000000 28.000000 8.000000 7.000000 1.443950e+18
750 19.000000 28.000000 8.000000 7.000000 1.443950e+18
751 19.000000 28.000000 8.000000 7.000000 1.443950e+18
752 19.000000 28.000000 8.000000 7.000000 1.443950e+18
753 19.000000 28.000000 8.000000 7.000000 1.443950e+18
754 19.000000 28.000000 8.000000 7.000000 1.443950e+18
755 19.000000 28.000000 8.000000 7.000000 1.443950e+18
756 19.000000 28.000000 8.000000 7.000000 1.443950e+18
757 19.000000 28.000000 8.000000 7.000000 1.443950e+18
758 19.000000 28.000000 8.000000 7.000000 1.443950e+18
759 19.000000 28.000000 8.000000 7.000000 1.443950e+18
760 19.000000 28.000000 8.000000 7.000000 1.443950e+18
761 19.000000 28.000000 8.000000 7.000000 1.443950e+18
762 19.000000 28.000000 8.000000 7.000000 1.443950e+18
763 19.000000 28.000000 8.000000 7.000000 1.443950e+18
764 19.000000 28.000000 8.000000 7.000000 1.443950e+18
765 19.000000 28.000000 8.000000 7.000000 1.443950e+18
766 19.000000 28.000000 8.000000 7.000000 1.443950e+18
767 19.000000 28.000000 8.000000 7.000000 1.443950e+18
768 19.000000 28.000000 8.000000 7.000000 1.443950e+18
769 19.000000 28.000000 8.000000 7.000000 1.443950e+18
770 19.000000 28.000000 8.000000 7.000000 1.443950e+18
771 19.000000 28.000000 8.000000 7.000000 1.443950e+18
772 19.000000 28.000000 8.000000 7.000000 1.443950e+18
773 19.000000 28.000000 8.000000 7.000000 1.443950e+18
774 19.000000 28.000000 8.000000 7.000000 1.443950e+18
775 19.000000 28.000000 8.000000 7.000000 1.443950e+18
776 19.000000 28.000000 8.000000 7.000000 1.443950e+18
777 19.000000 28.000000 8.000000 7.000000 1.443950e+18
778 19.000000 28.000000 8.000000 7.000000 1.443950e+18
779 19.000000 28.000000 8.000000 7.000000 1.443950e+18
780 19.000000 28.000000 8.000000 7.000000 1.443950e+18
781 19.000000 28.000000 8.000000 7.000000 1.443950e+18
782 19.000000 28.000000 8.000000 7.000000 1.443950e+18
783 19.000000 28.000000 8.000000 7.000000 1.443950e+18
784 19.000000 28.000000 8.000000 7.000000 1.443950e+18
785 19.000000 28.000000 8.000000 7.000000 1.443950e+18
786 19.000000 28.000000 8.000000 7.000000 1.443950e+18
787 19.000000 28.000000 8.000000 7.000000 1.443950e+18
788 19.000000 28.000000 8.000000 7.000000 1.443950e+18
789 19.000000 28.000000 8.000000 7.000000 1.443950e+18
790 19.000000 28.000000 8.000000 7.000000 1.443950e+18
791 19.000000 28.000000 8.000000 7.000000 1.443950e+18
792 19.000000 28.000000 8.000000 7.000000 1.443950e+18
793 19.000000 28.000000 8.000000 7.000000 1.443950e+18
794 19.000000 28.000000 8.000000 7.000000 1.443950e+18
795 19.000000 28.000000 8.000000 7.000000 1.443950e+18
796 19.000000 28.000000 8.000000 7.000000 1.443950e+18
797 19.000000 28.000000 8.000000 7.000000 1.443950e+18
798 19.000000 28.000000 8.000000 7.000000 1.443950e+18
799 19.000000 28.000000 8.000000 7.000000 1.443950e+18
800 19.000000 28.000000 8.000000 7.000000 1.443950e+18
801 19.000000 28.000000 8.000000 7.000000 1.443950e+18
802 19.000000 28.000000 8.000000 7.000000 1.443950e+18
803 19.000000 28.000000 8.000000 7.000000 1.443950e+18
804 19.000000 28.000000 8.000000 7.000000 1.443950e+18
805 19.000000 28.000000 8.000000 7.000000 1.443950e+18
806 19.000000 28.000000 8.000000 7.000000 1.443950e+18
807 19.000000 28.000000 8.000000 7.000000 1.443950e+18
808 19.000000 28.000000 8.000000 7.000000 1.443950e+18
809 19.000000 28.000000 8.000000 7.000000 1.443950e+18
810 19.000000 28.000000 8.000000 7.000000 1.443950e+18
811 19.000000 28.000000 8.000000 7.000000 1.443950e+18
812 19.000000 28.000000 8.000000 7.000000 1.443950e+18
813 19.000000 28.000000 8.000000 7.000000 1.443950e+18
814 19.000000 28.000000 8.000000 7.000000 1.443950e+18
815 19.000000 28.000000 8.000000 7.000000 1.443950e+18
816 19.000000 28.000000 8.000000 7.000000 1.443950e+18
817 19.000000 28.000000 8.000000 7.000000 1.443950e+18
818 19.000000 28.000000 8.000000 7.000000 1.443950e+18
819 19.000000 28.000000 8.000000 7.000000 1.443950e+18
820 19.000000 28.000000 8.000000 7.000000 1.443950e+18
821 19.000000 28.000000 8.000000 7.000000 1.443950e+18
822 19.000000 28.000000 8.000000 7.000000 1.443950e+18
823 19.000000 28.000000 8.000000 7.000000 1.443950e+18
824 19.000000 28.000000 8.000000 7.000000 1.443950e+18
825 19.000000 28.000000 8.000000 7.000000 1.443950e+18
826 19.000000 28.000000 8.000000 7.000000 1.443950e+18
827 19.000000 28.000000 8.000000 7.000000 1.443950e+18
828 19.000000 28.000000 8.000000 7.000000 1.443950e+18
829 19.000000 28.000000 8.000000 7.000000 1.443950e+18
830 19.000000 28.000000 8.000000 7.000000 1.443950e+18
831 19.000000 28.000000 8.000000 7.000000 1.443950e+18
832 19.000000 28.000000 8.000000 7.000000 1.443950e+18
833 19.000000 28.000000 8.000000 7.000000 1.443950e+18
834 19.000000 28.000000 8.000000 7.000000 1.443950e+18
835 19.000000 28.000000 8.000000 7.000000 1.443950e+18
836 19.000000 28.000000 8.000000 7.000000 1.443950e+18
837 19.000000 28.000000 8.000000 7.000000 1.443950e+18
838 19.000000 28.000000 8.000000 7.000000 1.443950e+18
839 19.000000 28.000000 8.000000 7.000000 1.443950e+18
840 19.000000 28.000000 8.000000 7.000000 1.443950e+18
841 19.000000 28.000000 8.000000 7.000000 1.443950e+18
842 19.000000 28.000000 8.000000 7.000000 1.443950e+18
843 19.000000 28.000000 8.000000 7.000000 1.443950e+18
844 19.000000 28.000000 8.000000 7.000000 1.443950e+18
845 19.000000 28.000000 8.000000 7.000000 1.443950e+18
846 19.000000 28.000000 8.000000 7.000000 1.443950e+18
847 19.000000 28.000000 8.000000 7.000000 1.443950e+18
848 19.000000 28.000000 8.000000 7.000000 1.443950e+18
849 19.000000 28.000000 8.000000 7.000000 1.443950e+18
850 19.000000 28.000000 8.000000 7.000000 1.443950e+18
851 19.000000 28.000000 8.000000 7.000000 1.443950e+18
852 19.000000 28.000000 8.000000 7.000000 1.443950e+18
853 19.000000 28.000000 8.000000 7.000000 1.443950e+18
854 19.000000 28.000000 8.000000 7.000000 1.443950e+18
855 19.000000 28.000000 8.000000 7.000000 1.443950e+18
856 19.000000 28.000000 8.000000 7.000000 1.443950e+18
857 19.000000 28.000000 8.000000 7.000000 1.443950e+18
858 19.000000 28.000000 8.000000 7.000000 1.443950e+18
859 19.000000 28.000000 8.000000 7.000000 1.443950e+18
860 19.000000 28.000000 8.000000 7.000000 1.443950e+18
861 19.000000 28.000000 8.000000 7.000000 1.443950e+18
862 19.000000 28.000000 8.000000 7.000000 1.443950e+18
863 19.000000 28.000000 8.000000 7.000000 1.443950e+18
864 19.000000 28.000000 8.000000 7.000000 1.443950e+18
865 19.000000 28.000000 8.000000 7.000000 1.443950e+18
866 19.000000 28.000000 8.000000 7.000000 1.443950e+18
867 19.000000 28.000000 8.000000 7.000000 1.443950e+18
868 19.000000 28.000000 8.000000 7.000000 1.443950e+18
869 19.000000 28.000000 8.000000 7.000000 1.443950e+18
870 19.000000 28.000000 8.000000 7.000000 1.443950e+18
871 19.000000 28.000000 8.000000 7.000000 1.443950e+18
872 19.000000 28.000000 8.000000 7.000000 1.443950e+18
873 19.000000 28.000000 8.000000 7.000000 1.443950e+18
874 19.000000 28.000000 8.000000 7.000000 1.443950e+18
875 19.000000 28.000000 8.000000 7.000000 1.443950e+18
876 19.000000 28.000000 8.000000 7.000000 1.443950e+18
877 19.000000 28.000000 8.000000 7.000000 1.443950e+18
878 19.000000 28.000000 8.000000 7.000000 1.443950e+18
879 19.000000 28.000000 8.000000 7.000000 1.443950e+18
880 19.000000 28.000000 8.000000 7.000000 1.443950e+18
881 19.000000 28.000000 8.000000 7.000000 1.443950e+18
882 19.000000 28.000000 8.000000 7.000000 1.443950e+18
883 19.000000 28.000000 8.000000 7.000000 1.443950e+18
884 19.000000 28.000000 8.000000 7.000000 1.443950e+18
885 19.000000 28.000000 8.000000 7.000000 1.443950e+18
886 19.000000 28.000000 8.000000 7.000000 1.443950e+18
887 19.000000 28.000000 8.000000 7.000000 1.443950e+18
888 19.000000 28.000000 8.000000 7.000000 1.443950e+18
889 19.000000 28.000000 8.000000 7.000000 1.443950e+18
890 19.000000 28.000000 8.000000 7.000000 1.443950e+18
891 19.000000 28.000000 8.000000 7.000000 1.443950e+18
892 19.000000 28.000000 8.000000 7.000000 1.443950e+18
893 19.000000 28.000000 8.000000 7.000000 1.443950e+18
894 19.000000 28.000000 8.000000 7.000000 1.443950e+18
895 19.000000 28.000000 8.000000 7.000000 1.443950e+18
896 19.000000 28.000000 8.000000 7.000000 1.443950e+18
897 19.000000 28.000000 8.000000 7.000000 1.443950e+18
898 19.000000 28.000000 8.000000 7.000000 1.443950e+18
899 19.000000 28.000000 8.000000 7.000000 1.443950e+18
900 19.000000 28.000000 8.000000 7.000000 1.443950e+18
901 19.000000 28.000000 8.000000 7.000000 1.443950e+18
902 19.000000 28.000000 8.000000 7.000000 1.443950e+18
903 19.000000 28.000000 8.000000 7.000000 1.443950e+18
904 19.000000 28.000000 8.000000 7.000000 1.443950e+18
905 19.000000 28.000000 8.000000 7.000000 1.443950e+18
906 19.000000 28.000000 8.000000 7.000000 1.443950e+18
907 19.000000 28.000000 8.000000 7.000000 1.443950e+18
908 19.000000 28.000000 8.000000 7.000000 1.443950e+18
909 19.000000 28.000000 8.000000 7.000000 1.443950e+18
910 19.000000 28.000000 8.000000 7.000000 1.443950e+18
911 19.000000 28.000000 8.000000 7.000000 1.443950e+18
912 19.000000 28.000000 8.000000 7.000000 1.443950e+18
913 19.000000 28.000000 8.000000 7.000000 1.443950e+18
914 19.000000 28.000000 8.000000 7.000000 1.443950e+18
915 19.000000 28.000000 8.000000 7.000000 1.443950e+18
916 19.000000 28.000000 8.000000 7.000000 1.443950e+18
917 19.000000 28.000000 8.000000 7.000000 1.443950e+18
918 19.000000 28.000000 8.000000 7.000000 1.443950e+18
919 19.000000 28.000000 8.000000 7.000000 1.443950e+18
920 19.000000 28.000000 8.000000 7.000000 1.443950e+18
921 19.000000 28.000000 8.000000 7.000000 1.443950e+18
922 19.000000 28.000000 8.000000 7.000000 1.443950e+18
923 19.000000 28.000000 8.000000 7.000000 1.443950e+18
924 19.000000 28.000000 8.000000 7.000000 1.443950e+18
925 19.000000 28.000000 8.000000 7.000000 1.443950e+18
926 19.000000 28.000000 8.000000 7.000000 1.443950e+18
927 19.000000 28.000000 8.000000 7.000000 1.443950e+18
928 19.000000 28.000000 8.000000 7.000000 1.443950e+18
929 19.000000 28.000000 8.000000 7.000000 1.443950e+18
930 19.000000 28.000000 8.000000 7.000000 1.443950e+18
931 19.000000 28.000000 8.000000 7.000000 1.443950e+18
932 19.000000 28.000000 8.000000 7.000000 1.443950e+18
933 19.000000 28.000000 8.000000 7.000000 1.443950e+18
934 19.000000 28.000000 8.000000 7.000000 1.443950e+18
935 19.000000 28.000000 8.000000 7.000000 1.443950e+18
936 19.000000 28.000000 8.000000 7.000000 1.443950e+18
937 19.000000 28.000000 8.000000 7.000000 1.443950e+18
938 19.000000 28.000000 8.000000 7.000000 1.443950e+18
939 19.000000 28.000000 8.000000 7.000000 1.443950e+18
940 19.000000 28.000000 8.000000 7.000000 1.443950e+18
941 19.000000 28.000000 8.000000 7.000000 1.443950e+18
942 19.000000 28.000000 8.000000 7.000000 1.443950e+18
943 19.000000 28.000000 8.000000 7.000000 1.443950e+18
944 19.000000 28.000000 8.000000 7.000000 1.443950e+18
945 19.000000 28.000000 8.000000 7.000000 1.443950e+18
946 19.000000 28.000000 8.000000 7.000000 1.443950e+18
947 19.000000 28.000000 8.000000 7.000000 1.443950e+18
948 19.000000 28.000000 8.000000 7.000000 1.443950e+18
949 19.000000 28.000000 8.000000 7.000000 1.443950e+18
950 19.000000 28.000000 8.000000 7.000000 1.443950e+18
951 19.000000 28.000000 8.000000 7.000000 1.443950e+18
952 19.000000 28.000000 8.000000 7.000000 1.443950e+18
953 19.000000 28.000000 8.000000 7.000000 1.443950e+18
954 19.000000 28.000000 8.000000 7.000000 1.443950e+18
955 19.000000 28.000000 8.000000 7.000000 1.443950e+18
956 19.000000 28.000000 8.000000 7.000000 1.443950e+18
957 19.000000 28.000000 8.000000 7.000000 1.443950e+18
958 19.000000 28.000000 8.000000 7.000000 1.443950e+18
959 19.000000 28.000000 8.000000 7.000000 1.443950e+18
960 19.000000 28.000000 8.000000 7.000000 1.443950e+18
961 19.000000 28.000000 8.000000 7.000000 1.443950e+18
962 19.000000 28.000000 8.000000 7.000000 1.443950e+18
963 19.000000 28.000000 8.000000 7.000000 1.443950e+18
964 19.000000 28.000000 8.000000 7.000000 1.443950e+18
965 19.000000 28.000000 8.000000 7.000000 1.443950e+18
966 19.000000 28.000000 8.000000 7.000000 1.443950e+18
967 19.000000 28.000000 8.000000 7.000000 1.443950e+18
968 19.000000 28.000000 8.000000 7.000000 1.443950e+18
969 19.000000 28.000000 8.000000 7.000000 1.443950e+18
970 19.000000 28.000000 8.000000 7.000000 1.443950e+18
971 19.000000 28.000000 8.000000 7.000000 1.443950e+18
972 19.000000 28.000000 8.000000 7.000000 1.443950e+18
973 19.000000 28.000000 8.000000 7.000000 1.443950e+18
974 19.000000 28.000000 8.000000 7.000000 1.443950e+18
975 19.000000 28.000000 8.000000 7.000000 1.443950e+18
976 19.000000 28.000000 8.000000 7.000000 1.443950e+18
977 19.000000 28.000000 8.000000 7.000000 1.443950e+18
978 19.000000 28.000000 8.000000 7.000000 1.443950e+18
979 19.000000 28.000000 8.000000 7.000000 1.443950e+18
980 19.000000 28.000000 8.000000 7.000000 1.443950e+18
981 19.000000 28.000000 8.000000 7.000000 1.443950e+18
982 19.000000 28.000000 8.000000 7.000000 1.443950e+18
983 19.000000 28.000000 8.000000 7.000000 1.443950e+18
984 19.000000 28.000000 8.000000 7.000000 1.443950e+18
985 19.000000 28.000000 8.000000 7.000000 1.443950e+18
986 19.000000 28.000000 8.000000 7.000000 1.443950e+18
987 19.000000 28.000000 8.000000 7.000000 1.443950e+18
988 19.000000 28.000000 8.000000 7.000000 1.443950e+18
989 19.000000 28.000000 8.000000 7.000000 1.443950e+18
990 19.000000 28.000000 8.000000 7.000000 1.443950e+18
991 19.000000 28.000000 8.000000 7.000000 1.443950e+18
992 19.000000 28.000000 8.000000 7.000000 1.443950e+18
993 19.000000 28.000000 8.000000 7.000000 1.443950e+18
994 19.000000 28.000000 8.000000 7.000000 1.443950e+18
995 19.000000 28.000000 8.000000 7.000000 1.443950e+18
996 19.000000 28.000000 8.000000 7.000000 1.443950e+18
997 19.000000 28.000000 8.000000 7.000000 1.443950e+18
998 19.000000 28.000000 8.000000 7.000000 1.443950e+18
999 19.000000 28.000000 8.000000 7.000000 1.443950e+18
