0 15.000000 46.000000 16.000000 9.000000 1.555476e+19
1 15.000000 46.000000 16.000000 9.000000 1.555476e+19
2 14.000000 41.000000 14.000000 10.000000 1.551390e+19
3 18.000000 38.000000 15.000000 9.000000 1.517136e+19
4 19.000000 35.000000 13.000000 8.000000 1.478860e+19
5 19.000000 35.000000 13.000000 8.000000 1.478860e+19
6 20.000000 30.000000 16.000000 8.000000 1.426747e+19
7 25.000000 30.000000 16.000000 7.000000 1.279821e+19
8 28.000000 31.000000 12.000000 8.000000 9.955242e+18
9 28.000000 32.000000 7.000000 7.000000 9.723947e+18
10 26.000000 30.000000 7.000000 8.000000 8.425953e+18
11 26.000000 30.000000 7.000000 8.000000 8.425953e+18
12 26.000000 30.000000 7.000000 8.000000 8.425953e+18
13 26.000000 30.000000 7.000000 8.000000 8.425953e+18
14 26.000000 30.000000 7.000000 8.000000 8.425953e+18
15 26.000000 30.000000 7.000000 8.000000 8.425953e+18
16 26.000000 30.000000 7.000000 8.000000 8.425953e+18
17 26.000000 30.000000 7.000000 8.000000 8.425953e+18
18 26.000000 30.000000 7.000000 8.000000 8.425953e+18
19 26.000000 30.000000 7.000000 8.000000 8.425953e+18
20 27.000000 31.000000 4.000000 8.000000 8.120337e+18
21 24.000000 30.000000 7.000000 7.000000 7.291828e+18
22 24.000000 30.000000 7.000000 7.000000 7.291828e+18
23 24.000000 30.000000 7.000000 7.000000 7.291828e+18
24 24.000000 30.000000 7.000000 7.000000 7.291828e+18
25 24.000000 30.000000 7.000000 7.000000 7.291828e+18
26 24.000000 30.000000 7.000000 7.000000 7.291828e+18
27 24.000000 30.000000 7.000000 7.000000 7.291828e+18
28 24.000000 30.000000 7.000000 7.000000 7.291828e+18
29 24.000000 30.000000 7.000000 7.000000 7.291828e+18
30 24.000000 30.000000 7.000000 7.000000 7.291828e+18
31 24.000000 30.000000 7.000000 7.000000 7.291828e+18
32 24.000000 30.000000 7.000000 7.000000 7.291828e+18
33 24.000000 30.000000 7.000000 7.000000 7.291828e+18
34 24.000000 30.000000 7.000000 7.000000 7.291828e+18
35 24.000000 30.000000 7.000000 7.000000 7.291828e+18
36 24.000000 30.000000 7.000000 7.000000 7.291828e+18
37 24.000000 30.000000 7.000000 7.000000 7.291828e+18
38 24.000000 30.000000 7.000000 7.000000 7.291828e+18
39 24.000000 30.000000 7.000000 7.000000 7.291828e+18
40 24.000000 30.000000 7.000000 7.000000 7.291828e+18
41 24.000000 30.000000 7.000000 7.000000 7.291828e+18
42 24.000000 30.000000 7.000000 7.000000 7.291828e+18
43 24.000000 30.000000 7.000000 7.000000 7.291828e+18
44 24.000000 30.000000 7.000000 7.000000 7.291828e+18
45 24.000000 30.000000 7.000000 7.000000 7.291828e+18
46 24.000000 30.000000 6.000000 7.000000 6.353631e+18
47 24.000000 30.000000 6.000000 7.000000 6.353631e+18
48 24.000000 30.000000 6.000000 7.000000 6.353631e+18
49 24.000000 30.000000 6.000000 7.000000 6.353631e+18
50 24.000000 30.000000 6.000000 7.000000 6.353631e+18
51 24.000000 30.000000 6.000000 7.000000 6.353631e+18
52 24.000000 30.000000 6.000000 7.000000 6.353631e+18
53 24.000000 30.000000 6.000000 7.000000 6.353631e+18
54 24.000000 30.000000 6.000000 7.000000 6.353631e+18
55 24.000000 30.000000 6.000000 7.000000 6.353631e+18
56 24.000000 30.000000 6.000000 7.000000 6.353631e+18
57 24.000000 30.000000 6.000000 7.000000 6.353631e+18
58 24.000000 30.000000 6.000000 7.000000 6.353631e+18
59 24.000000 30.000000 6.000000 7.000000 6.353631e+18
60 24.000000 30.000000 6.000000 7.000000 6.353631e+18
61 24.000000 30.000000 6.000000 7.000000 6.353631e+18
62 24.000000 30.000000 6.000000 7.000000 6.353631e+18
63 24.000000 30.000000 6.000000 7.000000 6.353631e+18
64 24.000000 30.000000 6.000000 7.000000 6.353631e+18
65 24.000000 30.000000 6.000000 7.000000 6.353631e+18
66 24.000000 30.000000 6.000000 7.000000 6.353631e+18
67 24.000000 30.000000 6.000000 7.000000 6.353631e+18
68 24.000000 30.000000 6.000000 7.000000 6.353631e+18
69 24.000000 30.000000 6.000000 7.000000 6.353631e+18
70 24.000000 30.000000 6.000000 7.000000 6.353631e+18
71 24.000000 30.000000 6.000000 7.000000 6.353631e+18
72 24.000000 30.000000 6.000000 7.000000 6.353631e+18
73 24.000000 30.000000 6.000000 7.000000 6.353631e+18
74 24.000000 30.000000 6.000000 7.000000 6.353631e+18
75 24.000000 30.000000 6.000000 7.000000 6.353631e+18
76 24.000000 30.000000 6.000000 7.000000 6.353631e+18
77 24.000000 30.000000 6.000000 7.000000 6.353631e+18
78 24.000000 30.000000 6.000000 7.000000 6.353631e+18
79 24.000000 30.000000 6.000000 7.000000 6.353631e+18
80 24.000000 30.000000 6.000000 7.000000 6.353631e+18
81 24.000000 30.000000 6.000000 7.000000 6.353631e+18
82 24.000000 30.000000 6.000000 7.000000 6.353631e+18
83 24.000000 30.000000 6.000000 7.000000 6.353631e+18
84 24.000000 30.000000 6.000000 7.000000 6.353631e+18
85 24.000000 30.000000 6.000000 7.000000 6.353631e+18
86 24.000000 30.000000 6.000000 7.000000 6.353631e+18
87 24.000000 30.000000 6.000000 7.000000 6.353631e+18
88 24.000000 30.000000 6.000000 7.000000 6.353631e+18
89 24.000000 30.000000 6.000000 7.000000 6.353631e+18
90 24.000000 30.000000 6.000000 7.000000 6.353631e+18
91 24.000000 30.000000 6.000000 7.000000 6.353631e+18
92 24.000000 30.000000 6.000000 7.000000 6.353631e+18
93 24.000000 30.000000 6.000000 7.000000 6.353631e+18
94 24.000000 30.000000 6.000000 7.000000 6.353631e+18
95 24.000000 30.000000 6.000000 7.000000 6.353631e+18
96 24.000000 30.000000 6.000000 7.000000 6.353631e+18
97 24.000000 30.000000 6.000000 7.000000 6.353631e+18
98 24.000000 30.000000 6.000000 7.000000 6.353631e+18
99 24.000000 30.000000 6.000000 7.000000 6.353631e+18
100 24.000000 30.000000 6.000000 7.000000 6.353631e+18
101 24.000000 30.000000 6.000000 7.000000 6.353631e+18
102 24.000000 30.000000 6.000000 7.000000 6.353631e+18
103 24.000000 30.000000 6.000000 7.000000 6.353631e+18
104 24.000000 30.000000 6.000000 7.000000 6.353631e+18
105 24.000000 30.000000 6.000000 7.000000 6.353631e+18
106 24.000000 30.000000 6.000000 7.000000 6.353631e+18
107 24.000000 30.000000 6.000000 7.000000 6.353631e+18
108 24.000000 30.000000 6.000000 7.000000 6.353631e+18
109 24.000000 30.000000 6.000000 7.000000 6.353631e+18
110 24.000000 30.000000 6.000000 7.000000 6.353631e+18
111 24.000000 30.000000 6.000000 7.000000 6.353631e+18
112 24.000000 30.000000 6.000000 7.000000 6.353631e+18
113 24.000000 30.000000 6.000000 7.000000 6.353631e+18
114 24.000000 30.000000 6.000000 7.000000 6.353631e+18
115 24.000000 30.000000 6.000000 7.000000 6.353631e+18
116 24.000000 30.000000 6.000000 7.000000 6.353631e+18
117 24.000000 30.000000 6.000000 7.000000 6.353631e+18
118 24.000000 30.000000 6.000000 7.000000 6.353631e+18
119 24.000000 30.000000 6.000000 7.000000 6.353631e+18
120 24.000000 30.000000 6.000000 7.000000 6.353631e+18
121 24.000000 30.000000 6.000000 7.000000 6.353631e+18
122 24.000000 30.000000 6.000000 7.000000 6.353631e+18
123 24.000000 30.000000 6.000000 7.000000 6.353631e+18
124 24.000000 30.000000 6.000000 7.000000 6.353631e+18
125 24.000000 30.000000 6.000000 7.000000 6.353631e+18
126 24.000000 30.000000 6.000000 7.000000 6.353631e+18
127 24.000000 30.000000 6.000000 7.000000 6.353631e+18
128 24.000000 30.000000 6.000000 7.000000 6.353631e+18
129 24.000000 30.000000 6.000000 7.000000 6.353631e+18
130 24.000000 30.000000 6.000000 7.000000 6.353631e+18
131 24.000000 30.000000 6.000000 7.000000 6.353631e+18
132 24.000000 30.000000 6.000000 7.000000 6.353631e+18
133 24.000000 30.000000 6.000000 7.000000 6.353631e+18
134 24.000000 30.000000 6.000000 7.000000 6.353631e+18
135 24.000000 30.000000 6.000000 7.000000 6.353631e+18
136 24.000000 30.000000 6.000000 7.000000 6.353631e+18
137 24.000000 30.000000 6.000000 7.000000 6.353631e+18
138 24.000000 30.000000 6.000000 7.000000 6.353631e+18
139 24.000000 30.000000 6.000000 7.000000 6.353631e+18
140 24.000000 30.000000 6.000000 7.000000 6.353631e+18
141 24.000000 30.000000 6.000000 7.000000 6.353631e+18
142 24.000000 30.000000 6.000000 7.000000 6.353631e+18
143 24.000000 30.000000 6.000000 7.000000 6.353631e+18
144 24.000000 30.000000 6.000000 7.000000 6.353631e+18
145 24.000000 30.000000 6.000000 7.000000 6.353631e+18
146 24.000000 30.000000 6.000000 7.000000 6.353631e+18
147 24.000000 30.000000 6.000000 7.000000 6.353631e+18
148 24.000000 30.000000 6.000000 7.000000 6.353631e+18
149 24.000000 30.000000 6.000000 7.000000 6.353631e+18
150 24.000000 30.000000 6.000000 7.000000 6.353631e+18
151 24.000000 30.000000 6.000000 7.000000 6.353631e+18
152 24.000000 30.000000 6.000000 7.000000 6.353631e+18
153 24.000000 30.000000 6.000000 7.000000 6.353631e+18
154 24.000000 30.000000 6.000000 7.000000 6.353631e+18
155 24.000000 30.000000 6.000000 7.000000 6.353631e+18
156 24.000000 30.000000 6.000000 7.000000 6.353631e+18
157 24.000000 30.000000 6.000000 7.000000 6.353631e+18
158 24.000000 30.000000 6.000000 7.000000 6.353631e+18
159 24.000000 30.000000 6.000000 7.000000 6.353631e+18
160 24.000000 30.000000 6.000000 7.000000 6.353631e+18
161 24.000000 30.000000 6.000000 7.000000 6.353631e+18
162 24.000000 30.000000 6.000000 7.000000 6.353631e+18
163 24.000000 30.000000 6.000000 7.000000 6.353631e+18
164 24.000000 30.000000 6.000000 7.000000 6.353631e+18
165 24.000000 30.000000 6.000000 7.000000 6.353631e+18
166 24.000000 30.000000 6.000000 7.000000 6.353631e+18
167 24.000000 30.000000 6.000000 7.000000 6.353631e+18
168 24.000000 30.000000 6.000000 7.000000 6.353631e+18
169 24.000000 30.000000 6.000000 7.000000 6.353631e+18
170 24.000000 30.000000 6.000000 7.000000 6.353631e+18
171 24.000000 30.000000 6.000000 7.000000 6.353631e+18
172 24.000000 30.000000 6.000000 7.000000 6.353631e+18
173 24.000000 30.000000 6.000000 7.000000 6.353631e+18
174 24.000000 30.000000 6.000000 7.000000 6.353631e+18
175 24.000000 30.000000 6.000000 7.000000 6.353631e+18
176 24.000000 30.000000 6.000000 7.000000 6.353631e+18
177 24.000000 30.000000 6.000000 7.000000 6.353631e+18
178 24.000000 30.000000 6.000000 7.000000 6.353631e+18
179 24.000000 30.000000 6.000000 7.000000 6.353631e+18
180 24.000000 30.000000 6.000000 7.000000 6.353631e+18
181 24.000000 30.000000 6.000000 7.000000 6.353631e+18
182 24.000000 30.000000 6.000000 7.000000 6.353631e+18
183 24.000000 30.000000 6.000000 7.000000 6.353631e+18
184 24.000000 30.000000 6.000000 7.000000 6.353631e+18
185 24.000000 30.000000 6.000000 7.000000 6.353631e+18
186 24.000000 30.000000 6.000000 7.000000 6.353631e+18
187 24.000000 30.000000 6.000000 7.000000 6.353631e+18
188 24.000000 30.000000 6.000000 7.000000 6.353631e+18
189 24.000000 30.000000 6.000000 7.000000 6.353631e+18
190 24.000000 30.000000 6.000000 7.000000 6.353631e+18
191 24.000000 30.000000 6.000000 7.000000 6.353631e+18
192 24.000000 30.000000 6.000000 7.000000 6.353631e+18
193 24.000000 30.000000 6.000000 7.000000 6.353631e+18
194 24.000000 30.000000 6.000000 7.000000 6.353631e+18
195 24.000000 30.000000 6.000000 7.000000 6.353631e+18
196 24.000000 30.000000 6.000000 7.000000 6.353631e+18
197 24.000000 30.000000 6.000000 7.000000 6.353631e+18
198 24.000000 30.000000 6.000000 7.000000 6.353631e+18
199 24.000000 30.000000 6.000000 7.000000 6.353631e+18
200 24.000000 30.000000 6.000000 7.000000 6.353631e+18
201 24.000000 30.000000 6.000000 7.000000 6.353631e+18
202 24.000000 30.000000 6.000000 7.000000 6.353631e+18
203 24.000000 30.000000 6.000000 7.000000 6.353631e+18
204 24.000000 30.000000 6.000000 7.000000 6.353631e+18
205 24.000000 30.000000 6.000000 7.000000 6.353631e+18
206 24.000000 30.000000 6.000000 7.000000 6.353631e+18
207 24.000000 30.000000 6.000000 7.000000 6.353631e+18
208 24.000000 30.000000 6.000000 7.000000 6.353631e+18
209 24.000000 30.000000 6.000000 7.000000 6.353631e+18
210 24.000000 30.000000 6.000000 7.000000 6.353631e+18
211 24.000000 30.000000 6.000000 7.000000 6.353631e+18
212 24.000000 30.000000 6.000000 7.000000 6.353631e+18
213 24.000000 30.000000 6.000000 7.000000 6.353631e+18
214 24.000000 30.000000 6.000000 7.000000 6.353631e+18
215 23.000000 28.000000 7.000000 7.000000 6.226692e+18
216 23.000000 28.000000 7.000000 7.000000 6.226692e+18
217 23.000000 28.000000 7.000000 7.000000 6.226692e+18
218 23.000000 28.000000 7.000000 7.000000 6.226692e+18
219 23.000000 28.000000 7.000000 7.000000 6.226692e+18
220 23.000000 28.000000 7.000000 7.000000 6.226692e+18
221 23.000000 28.000000 7.000000 7.000000 6.226692e+18
222 23.000000 28.000000 7.000000 7.000000 6.226692e+18
223 23.000000 28.000000 7.000000 7.000000 6.226692e+18
224 23.000000 28.000000 7.000000 7.000000 6.226692e+18
225 23.000000 28.000000 7.000000 7.000000 6.226692e+18
226 23.000000 28.000000 7.000000 7.000000 6.226692e+18
227 23.000000 28.000000 7.000000 7.000000 6.226692e+18
228 23.000000 28.000000 7.000000 7.000000 6.226692e+18
229 23.000000 28.000000 7.000000 7.000000 6.226692e+18
230 23.000000 28.000000 7.000000 7.000000 6.226692e+18
231 23.000000 28.000000 7.000000 7.000000 6.226692e+18
232 23.000000 28.000000 7.000000 7.000000 6.226692e+18
233 23.000000 28.000000 7.000000 7.000000 6.226692e+18
234 23.000000 28.000000 7.000000 7.000000 6.226692e+18
235 23.000000 28.000000 7.000000 7.000000 6.226692e+18
236 23.000000 28.000000 7.000000 7.000000 6.226692e+18
237 23.000000 28.000000 7.000000 7.000000 6.226692e+18
238 23.000000 28.000000 7.000000 7.000000 6.226692e+18
239 23.000000 28.000000 7.000000 7.000000 6.226692e+18
240 23.000000 28.000000 7.000000 7.000000 6.226692e+18
241 23.000000 28.000000 7.000000 7.000000 6.226692e+18
242 23.000000 28.000000 7.000000 7.000000 6.226692e+18
243 23.000000 28.000000 7.000000 7.000000 6.226692e+18
244 23.000000 28.000000 7.000000 7.000000 6.226692e+18
245 23.000000 28.000000 7.000000 7.000000 6.226692e+18
246 23.000000 28.000000 7.000000 7.000000 6.226692e+18
247 23.000000 28.000000 7.000000 7.000000 6.226692e+18
248 23.000000 28.000000 7.000000 7.000000 6.226692e+18
249 23.000000 28.000000 7.000000 7.000000 6.226692e+18
250 23.000000 28.000000 7.000000 7.000000 6.226692e+18
251 23.000000 28.000000 7.000000 7.000000 6.226692e+18
252 23.000000 28.000000 7.000000 7.000000 6.226692e+18
253 23.000000 28.000000 7.000000 7.000000 6.226692e+18
254 23.000000 28.000000 7.000000 7.000000 6.226692e+18
255 23.000000 28.000000 7.000000 7.000000 6.226692e+18
256 23.000000 28.000000 7.000000 7.000000 6.226692e+18
257 23.000000 28.000000 7.000000 7.000000 6.226692e+18
258 23.000000 28.000000 7.000000 7.000000 6.226692e+18
259 23.000000 28.000000 7.000000 7.000000 6.226692e+18
260 23.000000 28.000000 7.000000 7.000000 6.226692e+18
261 23.000000 28.000000 7.000000 7.000000 6.226692e+18
262 23.000000 28.000000 7.000000 7.000000 6.226692e+18
263 23.000000 28.000000 7.000000 7.000000 6.226692e+18
264 23.000000 28.000000 7.000000 7.000000 6.226692e+18
265 23.000000 28.000000 7.000000 7.000000 6.226692e+18
266 23.000000 28.000000 7.000000 7.000000 6.226692e+18
267 23.000000 28.000000 7.000000 7.000000 6.226692e+18
268 23.000000 28.000000 7.000000 7.000000 6.226692e+18
269 23.000000 28.000000 7.000000 7.000000 6.226692e+18
270 23.000000 28.000000 7.000000 7.000000 6.226692e+18
271 23.000000 28.000000 7.000000 7.000000 6.226692e+18
272 23.000000 28.000000 7.000000 7.000000 6.226692e+18
273 23.000000 28.000000 7.000000 7.000000 6.226692e+18
274 23.000000 28.000000 7.000000 7.000000 6.226692e+18
275 23.000000 28.000000 7.000000 7.000000 6.226692e+18
276 23.000000 28.000000 7.000000 7.000000 6.226692e+18
277 23.000000 28.000000 7.000000 7.000000 6.226692e+18
278 23.000000 28.000000 7.000000 7.000000 6.226692e+18
279 23.000000 28.000000 7.000000 7.000000 6.226692e+18
280 23.000000 28.000000 7.000000 7.000000 6.226692e+18
281 23.000000 28.000000 7.000000 7.000000 6.226692e+18
282 23.000000 28.000000 7.000000 7.000000 6.226692e+18
283 23.000000 28.000000 7.000000 7.000000 6.226692e+18
284 23.000000 28.000000 7.000000 7.000000 6.226692e+18
285 23.000000 28.000000 7.000000 7.000000 6.226692e+18
286 23.000000 28.000000 7.000000 7.000000 6.226692e+18
287 23.000000 28.000000 7.000000 7.000000 6.226692e+18
288 23.000000 28.000000 7.000000 7.000000 6.226692e+18
289 23.000000 28.000000 7.000000 7.000000 6.226692e+18
290 23.000000 28.000000 7.000000 7.000000 6.226692e+18
291 23.000000 28.000000 7.000000 7.000000 6.226692e+18
292 23.000000 28.000000 7.000000 7.000000 6.226692e+18
293 23.000000 28.000000 7.000000 7.000000 6.226692e+18
294 23.000000 28.000000 7.000000 7.000000 6.226692e+18
295 23.000000 28.000000 7.000000 7.000000 6.226692e+18
296 23.000000 28.000000 7.000000 7.000000 6.226692e+18
297 23.000000 28.000000 7.000000 7.000000 6.226692e+18
298 23.000000 28.000000 7.000000 7.000000 6.226692e+18
299 23.000000 28.000000 7.000000 7.000000 6.226692e+18
300 23.000000 28.000000 7.000000 7.000000 6.226692e+18
301 23.000000 28.000000 7.000000 7.000000 6.226692e+18
302 23.000000 28.000000 7.000000 7.000000 6.226692e+18
303 23.000000 28.000000 7.000000 7.000000 6.226692e+18
304 23.000000 28.000000 7.000000 7.000000 6.226692e+18
305 23.000000 28.000000 7.000000 7.000000 6.226692e+18
306 23.000000 28.000000 7.000000 7.000000 6.226692e+18
307 23.000000 28.000000 7.000000 7.000000 6.226692e+18
308 23.000000 28.000000 7.000000 7.000000 6.226692e+18
309 23.000000 28.000000 7.000000 7.000000 6.226692e+18
310 23.000000 28.000000 7.000000 7.000000 6.226692e+18
311 23.000000 28.000000 7.000000 7.000000 6.226692e+18
312 23.000000 28.000000 7.000000 7.000000 6.226692e+18
313 23.000000 28.000000 7.000000 7.000000 6.226692e+18
314 23.000000 28.000000 7.000000 7.000000 6.226692e+18
315 23.000000 28.000000 7.000000 7.000000 6.226692e+18
316 23.000000 28.000000 7.000000 7.000000 6.226692e+18
317 23.000000 28.000000 7.000000 7.000000 6.226692e+18
318 23.000000 28.000000 7.000000 7.000000 6.226692e+18
319 24.000000 28.000000 6.000000 7.000000 6.201501e+18
320 24.000000 28.000000 6.000000 7.000000 6.201501e+18
321 24.000000 28.000000 6.000000 7.000000 6.201501e+18
322 24.000000 28.000000 6.000000 7.000000 6.201501e+18
323 24.000000 28.000000 6.000000 7.000000 6.201501e+18
324 24.000000 28.000000 6.000000 7.000000 6.201501e+18
325 24.000000 28.000000 6.000000 7.000000 6.201501e+18
326 24.000000 28.000000 6.000000 7.000000 6.201501e+18
327 24.000000 28.000000 6.000000 7.000000 6.201501e+18
328 24.000000 28.000000 6.000000 7.000000 6.201501e+18
329 24.000000 28.000000 6.000000 7.000000 6.201501e+18
330 24.000000 28.000000 6.000000 7.000000 6.201501e+18
331 24.000000 28.000000 6.000000 7.000000 6.201501e+18
332 24.000000 28.000000 6.000000 7.000000 6.201501e+18
333 24.000000 28.000000 6.000000 7.000000 6.201501e+18
334 24.000000 28.000000 6.000000 7.000000 6.201501e+18
335 24.000000 28.000000 6.000000 7.000000 6.201501e+18
336 24.000000 28.000000 6.000000 7.000000 6.201501e+18
337 24.000000 28.000000 6.000000 7.000000 6.201501e+18
338 24.000000 28.000000 6.000000 7.000000 6.201501e+18
339 24.000000 28.000000 6.000000 7.000000 6.201501e+18
340 24.000000 28.000000 6.000000 7.000000 6.201501e+18
341 24.000000 28.000000 6.000000 7.000000 6.201501e+18
342 24.000000 28.000000 6.000000 7.000000 6.201501e+18
343 24.000000 28.000000 6.000000 7.000000 6.201501e+18
344 24.000000 28.000000 6.000000 7.000000 6.201501e+18
345 24.000000 28.000000 6.000000 7.000000 6.201501e+18
346 24.000000 28.000000 6.000000 7.000000 6.201501e+18
347 24.000000 28.000000 6.000000 7.000000 6.201501e+18
348 24.000000 28.000000 6.000000 7.000000 6.201501e+18
349 24.000000 28.000000 6.000000 7.000000 6.201501e+18
350 24.000000 28.000000 6.000000 7.000000 6.201501e+18
351 24.000000 28.000000 6.000000 7.000000 6.201501e+18
352 24.000000 28.000000 6.000000 7.000000 6.201501e+18
353 24.000000 28.000000 6.000000 7.000000 6.201501e+18
354 24.000000 28.000000 6.000000 7.000000 6.201501e+18
355 24.000000 28.000000 6.000000 7.000000 6.201501e+18
356 24.000000 28.000000 6.000000 7.000000 6.201501e+18
357 24.000000 28.000000 6.000000 7.000000 6.201501e+18
358 24.000000 28.000000 6.000000 7.000000 6.201501e+18
359 24.000000 28.000000 6.000000 7.000000 6.201501e+18
360 24.000000 28.000000 6.000000 7.000000 6.201501e+18
361 24.000000 28.000000 6.000000 7.000000 6.201501e+18
362 24.000000 28.000000 6.000000 7.000000 6.201501e+18
363 24.000000 28.000000 6.000000 7.000000 6.201501e+18
364 24.000000 28.000000 6.000000 7.000000 6.201501e+18
365 24.000000 28.000000 6.000000 7.000000 6.201501e+18
366 24.000000 28.000000 6.000000 7.000000 6.201501e+18
367 24.000000 28.000000 6.000000 7.000000 6.201501e+18
368 24.000000 28.000000 6.000000 7.000000 6.201501e+18
369 24.000000 28.000000 6.000000 7.000000 6.201501e+18
370 24.000000 28.000000 6.000000 7.000000 6.201501e+18
371 24.000000 28.000000 6.000000 7.000000 6.201501e+18
372 24.000000 28.000000 6.000000 7.000000 6.201501e+18
373 24.000000 28.000000 6.000000 7.000000 6.201501e+18
374 24.000000 28.000000 6.000000 7.000000 6.201501e+18
375 24.000000 28.000000 6.000000 7.000000 6.201501e+18
376 24.000000 28.000000 6.000000 7.000000 6.201501e+18
377 24.000000 28.000000 6.000000 7.000000 6.201501e+18
378 24.000000 28.000000 6.000000 7.000000 6.201501e+18
379 24.000000 28.000000 6.000000 7.000000 6.201501e+18
380 24.000000 28.000000 6.000000 7.000000 6.201501e+18
381 24.000000 28.000000 6.000000 7.000000 6.201501e+18
382 24.000000 28.000000 6.000000 7.000000 6.201501e+18
383 24.000000 28.000000 6.000000 7.000000 6.201501e+18
384 24.000000 28.000000 6.000000 7.000000 6.201501e+18
385 24.000000 28.000000 6.000000 7.000000 6.201501e+18
386 24.000000 28.000000 6.000000 7.000000 6.201501e+18
387 24.000000 28.000000 6.000000 7.000000 6.201501e+18
388 24.000000 28.000000 6.000000 7.000000 6.201501e+18
389 24.000000 28.000000 6.000000 7.000000 6.201501e+18
390 24.000000 28.000000 6.000000 7.000000 6.201501e+18
391 24.000000 28.000000 6.000000 7.000000 6.201501e+18
392 24.000000 28.000000 6.000000 7.000000 6.201501e+18
393 24.000000 28.000000 6.000000 7.000000 6.201501e+18
394 24.000000 28.000000 6.000000 7.000000 6.201501e+18
395 24.000000 28.000000 6.000000 7.000000 6.201501e+18
396 24.000000 28.000000 6.000000 7.000000 6.201501e+18
397 24.000000 28.000000 6.000000 7.000000 6.201501e+18
398 24.000000 28.000000 6.000000 7.000000 6.201501e+18
399 24.000000 28.000000 6.000000 7.000000 6.201501e+18
400 24.000000 28.000000 6.000000 7.000000 6.201501e+18
401 24.000000 28.000000 6.000000 7.000000 6.201501e+18
402 24.000000 28.000000 6.000000 7.000000 6.201501e+18
403 24.000000 28.000000 6.000000 7.000000 6.201501e+18
404 24.000000 28.000000 6.000000 7.000000 6.201501e+18
405 24.000000 28.000000 6.000000 7.000000 6.201501e+18
406 24.000000 28.000000 6.000000 7.000000 6.201501e+18
407 24.000000 28.000000 6.000000 7.000000 6.201501e+18
408 24.000000 28.000000 6.000000 7.000000 6.201501e+18
409 24.000000 28.000000 6.000000 7.000000 6.201501e+18
410 24.000000 28.000000 6.000000 7.000000 6.201501e+18
411 24.000000 28.000000 6.000000 7.000000 6.201501e+18
412 24.000000 28.000000 6.000000 7.000000 6.201501e+18
413 24.000000 28.000000 6.000000 7.000000 6.201501e+18
414 24.000000 28.000000 6.000000 7.000000 6.201501e+18
415 24.000000 28.000000 6.000000 7.000000 6.201501e+18
416 24.000000 28.000000 6.000000 7.000000 6.201501e+18
417 24.000000 28.000000 6.000000 7.000000 6.201501e+18
418 24.000000 28.000000 6.000000 7.000000 6.201501e+18
419 24.000000 28.000000 6.000000 7.000000 6.201501e+18
420 24.000000 28.000000 6.000000 7.000000 6.201501e+18
421 24.000000 28.000000 6.000000 7.000000 6.201501e+18
422 24.000000 28.000000 6.000000 7.000000 6.201501e+18
423 24.000000 28.000000 6.000000 7.000000 6.201501e+18
424 24.000000 28.000000 6.000000 7.000000 6.201501e+18
425 24.000000 28.000000 6.000000 7.000000 6.201501e+18
426 24.000000 28.000000 6.000000 7.000000 6.201501e+18
427 24.000000 28.000000 6.000000 7.000000 6.201501e+18
428 24.000000 28.000000 6.000000 7.000000 6.201501e+18
429 24.000000 28.000000 6.000000 7.000000 6.201501e+18
430 24.000000 28.000000 6.000000 7.000000 6.201501e+18
431 24.000000 28.000000 6.000000 7.000000 6.201501e+18
432 24.000000 28.000000 6.000000 7.000000 6.201501e+18
433 24.000000 28.000000 6.000000 7.000000 6.201501e+18
434 24.000000 28.000000 6.000000 7.000000 6.201501e+18
435 24.000000 28.000000 6.000000 7.000000 6.201501e+18
436 24.000000 28.000000 6.000000 7.000000 6.201501e+18
437 24.000000 28.000000 6.000000 7.000000 6.201501e+18
438 24.000000 28.000000 6.000000 7.000000 6.201501e+18
439 24.000000 28.000000 6.000000 7.000000 6.201501e+18
440 24.000000 28.000000 6.000000 7.000000 6.201501e+18
441 24.000000 28.000000 6.000000 7.000000 6.201501e+18
442 24.000000 28.000000 6.000000 7.000000 6.201501e+18
443 24.000000 28.000000 6.000000 7.000000 6.201501e+18
444 24.000000 28.000000 6.000000 7.000000 6.201501e+18
445 24.000000 28.000000 6.000000 7.000000 6.201501e+18
446 24.000000 28.000000 6.000000 7.000000 6.201501e+18
447 24.000000 28.000000 6.000000 7.000000 6.201501e+18
448 24.000000 28.000000 6.000000 7.000000 6.201501e+18
449 24.000000 28.000000 6.000000 7.000000 6.201501e+18
450 24.000000 28.000000 6.000000 7.000000 6.201501e+18
451 24.000000 28.000000 6.000000 7.000000 6.201501e+18
452 24.000000 28.000000 6.000000 7.000000 6.201501e+18
453 24.000000 28.000000 6.000000 7.000000 6.201501e+18
454 24.000000 28.000000 6.000000 7.000000 6.201501e+18
455 24.000000 28.000000 6.000000 7.000000 6.201501e+18
456 24.000000 28.000000 6.000000 7.000000 6.201501e+18
457 24.000000 28.000000 6.000000 7.000000 6.201501e+18
458 24.000000 28.000000 6.000000 7.000000 6.201501e+18
459 24.000000 28.000000 6.000000 7.000000 6.201501e+18
460 24.000000 28.000000 6.000000 7.000000 6.201501e+18
461 24.000000 28.000000 6.000000 7.000000 6.201501e+18
462 24.000000 28.000000 6.000000 7.000000 6.201501e+18
463 24.000000 28.000000 6.000000 7.000000 6.201501e+18
464 24.000000 28.000000 6.000000 7.000000 6.201501e+18
465 24.000000 28.000000 6.000000 7.000000 6.201501e+18
466 24.000000 28.000000 6.000000 7.000000 6.201501e+18
467 24.000000 28.000000 6.000000 7.000000 6.201501e+18
468 24.000000 28.000000 6.000000 7.000000 6.201501e+18
469 24.000000 28.000000 6.000000 7.000000 6.201501e+18
470 24.000000 28.000000 6.000000 7.000000 6.201501e+18
471 24.000000 28.000000 6.000000 7.000000 6.201501e+18
472 24.000000 28.000000 6.000000 7.000000 6.201501e+18
473 24.000000 28.000000 6.000000 7.000000 6.201501e+18
474 24.000000 28.000000 6.000000 7.000000 6.201501e+18
475 24.000000 28.000000 6.000000 7.000000 6.201501e+18
476 24.000000 28.000000 6.000000 7.000000 6.201501e+18
477 24.000000 28.000000 6.000000 7.000000 6.201501e+18
478 24.000000 28.000000 6.000000 7.000000 6.201501e+18
479 24.000000 28.000000 6.000000 7.000000 6.201501e+18
480 24.000000 28.000000 6.000000 7.000000 6.201501e+18
481 24.000000 28.000000 6.000000 7.000000 6.201501e+18
482 24.000000 28.000000 6.000000 7.000000 6.201501e+18
483 24.000000 28.000000 6.000000 7.000000 6.201501e+18
484 24.000000 28.000000 6.000000 7.000000 6.201501e+18
485 24.000000 28.000000 6.000000 7.000000 6.201501e+18
486 24.000000 28.000000 6.000000 7.000000 6.201501e+18
487 24.000000 28.000000 6.000000 7.000000 6.201501e+18
488 24.000000 28.000000 6.000000 7.000000 6.201501e+18
489 24.000000 28.000000 6.000000 7.000000 6.201501e+18
490 24.000000 28.000000 6.000000 7.000000 6.201501e+18
491 24.000000 28.000000 6.000000 7.000000 6.201501e+18
492 24.000000 28.000000 6.000000 7.000000 6.201501e+18
493 24.000000 28.000000 6.000000 7.000000 6.201501e+18
494 24.000000 28.000000 6.000000 7.000000 6.201501e+18
495 24.000000 28.000000 6.000000 7.000000 6.201501e+18
496 24.000000 28.000000 6.000000 7.000000 6.201501e+18
497 24.000000 28.000000 6.000000 7.000000 6.201501e+18
498 24.000000 28.000000 6.000000 7.000000 6.201501e+18
499 24.000000 28.000000 6.000000 7.000000 6.201501e+18
500 24.000000 28.000000 6.000000 7.000000 6.201501e+18
501 24.000000 28.000000 6.000000 7.000000 6.201501e+18
502 24.000000 28.000000 6.000000 7.000000 6.201501e+18
503 24.000000 28.000000 6.000000 7.000000 6.201501e+18
504 24.000000 28.000000 6.000000 7.000000 6.201501e+18
505 24.000000 28.000000 6.000000 7.000000 6.201501e+18
506 24.000000 28.000000 6.000000 7.000000 6.201501e+18
507 24.000000 28.000000 6.000000 7.000000 6.201501e+18
508 24.000000 28.000000 6.000000 7.000000 6.201501e+18
509 24.000000 28.000000 6.000000 7.000000 6.201501e+18
510 24.000000 28.000000 6.000000 7.000000 6.201501e+18
511 24.000000 28.000000 6.000000 7.000000 6.201501e+18
512 24.000000 28.000000 6.000000 7.000000 6.201501e+18
513 24.000000 28.000000 6.000000 7.000000 6.201501e+18
514 24.000000 28.000000 6.000000 7.000000 6.201501e+18
515 24.000000 28.000000 6.000000 7.000000 6.201501e+18
516 24.000000 28.000000 6.000000 7.000000 6.201501e+18
517 24.000000 28.000000 6.000000 7.000000 6.201501e+18
518 24.000000 28.000000 6.000000 7.000000 6.201501e+18
519 24.000000 28.000000 6.000000 7.000000 6.201501e+18
520 24.000000 28.000000 6.000000 7.000000 6.201501e+18
521 24.000000 28.000000 6.000000 7.000000 6.201501e+18
522 24.000000 28.000000 6.000000 7.000000 6.201501e+18
523 24.000000 28.000000 6.000000 7.000000 6.201501e+18
524 24.000000 28.000000 6.000000 7.000000 6.201501e+18
525 24.000000 28.000000 6.000000 7.000000 6.201501e+18
526 24.000000 28.000000 6.000000 7.000000 6.201501e+18
527 24.000000 28.000000 6.000000 7.000000 6.201501e+18
528 24.000000 28.000000 6.000000 7.000000 6.201501e+18
529 24.000000 28.000000 6.000000 7.000000 6.201501e+18
530 24.000000 28.000000 6.000000 7.000000 6.201501e+18
531 24.000000 28.000000 6.000000 7.000000 6.201501e+18
532 24.000000 28.000000 6.000000 7.000000 6.201501e+18
533 24.000000 28.000000 6.000000 7.000000 6.201501e+18
534 24.000000 28.000000 6.000000 7.000000 6.201501e+18
535 24.000000 28.000000 6.000000 7.000000 6.201501e+18
536 24.000000 28.000000 6.000000 7.000000 6.201501e+18
537 24.000000 28.000000 6.000000 7.000000 6.201501e+18
538 24.000000 28.000000 6.000000 7.000000 6.201501e+18
539 24.000000 28.000000 6.000000 7.000000 6.201501e+18
540 24.000000 28.000000 6.000000 7.000000 6.201501e+18
541 24.000000 28.000000 6.000000 7.000000 6.201501e+18
542 24.000000 28.000000 6.000000 7.000000 6.201501e+18
543 24.000000 28.000000 6.000000 7.000000 6.201501e+18
544 24.000000 28.000000 6.000000 7.000000 6.201501e+18
545 24.000000 28.000000 6.000000 7.000000 6.201501e+18
546 24.000000 28.000000 6.000000 7.000000 6.201501e+18
547 24.000000 28.000000 6.000000 7.000000 6.201501e+18
548 24.000000 28.000000 6.000000 7.000000 6.201501e+18
549 24.000000 28.000000 6.000000 7.000000 6.201501e+18
550 24.000000 28.000000 6.000000 7.000000 6.201501e+18
551 24.000000 28.000000 6.000000 7.000000 6.201501e+18
552 24.000000 28.000000 6.000000 7.000000 6.201501e+18
553 24.000000 28.000000 6.000000 7.000000 6.201501e+18
554 24.000000 28.000000 6.000000 7.000000 6.201501e+18
555 24.000000 28.000000 6.000000 7.000000 6.201501e+18
556 24.000000 28.000000 6.000000 7.000000 6.201501e+18
557 24.000000 28.000000 6.000000 7.000000 6.201501e+18
558 24.000000 28.000000 6.000000 7.000000 6.201501e+18
559 24.000000 28.000000 6.000000 7.000000 6.201501e+18
560 24.000000 28.000000 6.000000 7.000000 6.201501e+18
561 24.000000 28.000000 6.000000 7.000000 6.201501e+18
562 24.000000 28.000000 6.000000 7.000000 6.201501e+18
563 24.000000 28.000000 6.000000 7.000000 6.201501e+18
564 24.000000 28.000000 6.000000 7.000000 6.201501e+18
565 24.000000 28.000000 6.000000 7.000000 6.201501e+18
566 24.000000 28.000000 6.000000 7.000000 6.201501e+18
567 24.000000 28.000000 6.000000 7.000000 6.201501e+18
568 24.000000 28.000000 6.000000 7.000000 6.201501e+18
569 24.000000 28.000000 6.000000 7.000000 6.201501e+18
570 24.000000 28.000000 6.000000 7.000000 6.201501e+18
571 24.000000 28.000000 6.000000 7.000000 6.201501e+18
572 24.000000 28.000000 6.000000 7.000000 6.201501e+18
573 24.000000 28.000000 6.000000 7.000000 6.201501e+18
574 24.000000 28.000000 6.000000 7.000000 6.201501e+18
575 24.000000 28.000000 6.000000 7.000000 6.201501e+18
576 24.000000 28.000000 6.000000 7.000000 6.201501e+18
577 24.000000 28.000000 6.000000 7.000000 6.201501e+18
578 24.000000 28.000000 6.000000 7.000000 6.201501e+18
579 24.000000 28.000000 6.000000 7.000000 6.201501e+18
580 24.000000 28.000000 6.000000 7.000000 6.201501e+18
581 24.000000 28.000000 6.000000 7.000000 6.201501e+18
582 24.000000 28.000000 6.000000 7.000000 6.201501e+18
583 24.000000 28.000000 6.000000 7.000000 6.201501e+18
584 24.000000 28.000000 6.000000 7.000000 6.201501e+18
585 24.000000 28.000000 6.000000 7.000000 6.201501e+18
586 24.000000 28.000000 6.000000 7.000000 6.201501e+18
587 24.000000 28.000000 6.000000 7.000000 6.201501e+18
588 24.000000 28.000000 6.000000 7.000000 6.201501e+18
589 24.000000 28.000000 6.000000 7.000000 6.201501e+18
590 24.000000 28.000000 6.000000 7.000000 6.201501e+18
591 24.000000 28.000000 6.000000 7.000000 6.201501e+18
592 24.000000 28.000000 6.000000 7.000000 6.201501e+18
593 24.000000 28.000000 6.000000 7.000000 6.201501e+18
594 24.000000 28.000000 6.000000 7.000000 6.201501e+18
595 24.000000 28.000000 6.000000 7.000000 6.201501e+18
596 24.000000 28.000000 6.000000 7.000000 6.201501e+18
597 24.000000 28.000000 6.000000 7.000000 6.201501e+18
598 24.000000 28.000000 6.000000 7.000000 6.201501e+18
599 24.000000 28.000000 6.000000 7.000000 6.201501e+18
600 24.000000 28.000000 6.000000 7.000000 6.201501e+18
601 24.000000 28.000000 6.000000 7.000000 6.201501e+18
602 24.000000 28.000000 6.000000 7.000000 6.201501e+18
603 24.000000 28.000000 6.000000 7.000000 6.201501e+18
604 24.000000 28.000000 6.000000 7.000000 6.201501e+18
605 24.000000 28.000000 6.000000 7.000000 6.201501e+18
606 24.000000 28.000000 6.000000 7.000000 6.201501e+18
607 24.000000 28.000000 6.000000 7.000000 6.201501e+18
608 24.000000 28.000000 6.000000 7.000000 6.201501e+18
609 24.000000 28.000000 6.000000 7.000000 6.201501e+18
610 24.000000 28.000000 6.000000 7.000000 6.201501e+18
611 24.000000 28.000000 6.000000 7.000000 6.201501e+18
612 24.000000 28.000000 6.000000 7.000000 6.201501e+18
613 24.000000 28.000000 6.000000 7.000000 6.201501e+18
614 24.000000 28.000000 6.000000 7.000000 6.201501e+18
615 24.000000 28.000000 6.000000 7.000000 6.201501e+18
616 24.000000 28.000000 6.000000 7.000000 6.201501e+18
617 24.000000 28.000000 6.000000 7.000000 6.201501e+18
618 24.000000 28.000000 6.000000 7.000000 6.201501e+18
619 24.000000 28.000000 6.000000 7.000000 6.201501e+18
620 24.000000 28.000000 6.000000 7.000000 6.201501e+18
621 24.000000 28.000000 6.000000 7.000000 6.201501e+18
622 24.000000 28.000000 6.000000 7.000000 6.201501e+18
623 24.000000 28.000000 6.000000 7.000000 6.201501e+18
624 24.000000 28.000000 6.000000 7.000000 6.201501e+18
625 24.000000 28.000000 6.000000 7.000000 6.201501e+18
626 24.000000 28.000000 6.000000 7.000000 6.201501e+18
627 24.000000 28.000000 6.000000 7.000000 6.201501e+18
628 24.000000 28.000000 6.000000 7.000000 6.201501e+18
629 24.000000 28.000000 6.000000 7.000000 6.201501e+18
630 24.000000 28.000000 6.000000 7.000000 6.201501e+18
631 24.000000 28.000000 6.000000 7.000000 6.201501e+18
632 24.000000 28.000000 6.000000 7.000000 6.201501e+18
633 24.000000 28.000000 6.000000 7.000000 6.201501e+18
634 24.000000 28.000000 6.000000 7.000000 6.201501e+18
635 24.000000 28.000000 6.000000 7.000000 6.201501e+18
636 24.000000 28.000000 6.000000 7.000000 6.201501e+18
637 24.000000 28.000000 6.000000 7.000000 6.201501e+18
638 24.000000 28.000000 6.000000 7.000000 6.201501e+18
639 24.000000 28.000000 6.000000 7.000000 6.201501e+18
640 24.000000 28.000000 6.000000 7.000000 6.201501e+18
641 24.000000 28.000000 6.000000 7.000000 6.201501e+18
642 24.000000 28.000000 6.000000 7.000000 6.201501e+18
643 24.000000 28.000000 6.000000 7.000000 6.201501e+18
644 24.000000 28.000000 6.000000 7.000000 6.201501e+18
645 24.000000 28.000000 6.000000 7.000000 6.201501e+18
646 24.000000 28.000000 6.000000 7.000000 6.201501e+18
647 24.000000 28.000000 6.000000 7.000000 6.201501e+18
648 24.000000 28.000000 6.000000 7.000000 6.201501e+18
649 24.000000 28.000000 6.000000 7.000000 6.201501e+18
650 24.000000 28.000000 6.000000 7.000000 6.201501e+18
651 24.000000 28.000000 6.000000 7.000000 6.201501e+18
652 24.000000 28.000000 6.000000 7.000000 6.201501e+18
653 24.000000 28.000000 6.000000 7.000000 6.201501e+18
654 24.000000 28.000000 6.000000 7.000000 6.201501e+18
655 24.000000 28.000000 6.000000 7.000000 6.201501e+18
656 24.000000 28.000000 6.000000 7.000000 6.201501e+18
657 24.000000 28.000000 6.000000 7.000000 6.201501e+18
658 24.000000 28.000000 6.000000 7.000000 6.201501e+18
659 24.000000 28.000000 6.000000 7.000000 6.201501e+18
660 24.000000 28.000000 6.000000 7.000000 6.201501e+18
661 24.000000 28.000000 6.000000 7.000000 6.201501e+18
662 24.000000 28.000000 6.000000 7.000000 6.201501e+18
663 24.000000 28.000000 6.000000 7.000000 6.201501e+18
664 24.000000 28.000000 6.000000 7.000000 6.201501e+18
665 24.000000 28.000000 6.000000 7.000000 6.201501e+18
666 24.000000 28.000000 6.000000 7.000000 6.201501e+18
667 24.000000 28.000000 6.000000 7.000000 6.201501e+18
668 24.000000 28.000000 6.000000 7.000000 6.201501e+18
669 24.000000 28.000000 6.000000 7.000000 6.201501e+18
670 24.000000 28.000000 6.000000 7.000000 6.201501e+18
671 24.000000 28.000000 6.000000 7.000000 6.201501e+18
672 24.000000 28.000000 6.000000 7.000000 6.201501e+18
673 24.000000 28.000000 6.000000 7.000000 6.201501e+18
674 24.000000 28.000000 6.000000 7.000000 6.201501e+18
675 24.000000 28.000000 6.000000 7.000000 6.201501e+18
676 24.000000 28.000000 6.000000 7.000000 6.201501e+18
677 24.000000 28.000000 6.000000 7.000000 6.201501e+18
678 24.000000 28.000000 6.000000 7.000000 6.201501e+18
679 24.000000 28.000000 6.000000 7.000000 6.201501e+18
680 24.000000 28.000000 6.000000 7.000000 6.201501e+18
681 24.000000 28.000000 6.000000 7.000000 6.201501e+18
682 24.000000 28.000000 6.000000 7.000000 6.201501e+18
683 24.000000 28.000000 6.000000 7.000000 6.201501e+18
684 24.000000 28.000000 6.000000 7.000000 6.201501e+18
685 24.000000 28.000000 6.000000 7.000000 6.201501e+18
686 24.000000 28.000000 6.000000 7.000000 6.201501e+18
687 24.000000 28.000000 6.000000 7.000000 6.201501e+18
688 24.000000 28.000000 6.000000 7.000000 6.201501e+18
689 24.000000 28.000000 6.000000 7.000000 6.201501e+18
690 24.000000 28.000000 6.000000 7.000000 6.201501e+18
691 24.000000 28.000000 6.000000 7.000000 6.201501e+18
692 24.000000 28.000000 6.000000 7.000000 6.201501e+18
693 24.000000 28.000000 6.000000 7.000000 6.201501e+18
694 24.000000 28.000000 6.000000 7.000000 6.201501e+18
695 24.000000 28.000000 6.000000 7.000000 6.201501e+18
696 24.000000 28.000000 6.000000 7.000000 6.201501e+18
697 24.000000 28.000000 6.000000 7.000000 6.201501e+18
698 24.000000 28.000000 6.000000 7.000000 6.201501e+18
699 24.000000 28.000000 6.000000 7.000000 6.201501e+18
700 24.000000 28.000000 6.000000 7.000000 6.201501e+18
701 24.000000 28.000000 6.000000 7.000000 6.201501e+18
702 24.000000 28.000000 6.000000 7.000000 6.201501e+18
703 24.000000 28.000000 6.000000 7.000000 6.201501e+18
704 24.000000 28.000000 6.000000 7.000000 6.201501e+18
705 24.000000 28.000000 6.000000 7.000000 6.201501e+18
706 24.000000 28.000000 6.000000 7.000000 6.201501e+18
707 24.000000 28.000000 6.000000 7.000000 6.201501e+18
708 24.000000 28.000000 6.000000 7.000000 6.201501e+18
709 24.000000 28.000000 6.000000 7.000000 6.201501e+18
710 24.000000 28.000000 6.000000 7.000000 6.201501e+18
711 24.000000 28.000000 6.000000 7.000000 6.201501e+18
712 24.000000 28.000000 6.000000 7.000000 6.201501e+18
713 24.000000 28.000000 6.000000 7.000000 6.201501e+18
714 24.000000 28.000000 6.000000 7.000000 6.201501e+18
715 24.000000 28.000000 6.000000 7.000000 6.201501e+18
716 24.000000 28.000000 6.000000 7.000000 6.201501e+18
717 24.000000 28.000000 6.000000 7.000000 6.201501e+18
718 24.000000 28.000000 6.000000 7.000000 6.201501e+18
719 24.000000 28.000000 6.000000 7.000000 6.201501e+18
720 24.000000 28.000000 6.000000 7.000000 6.201501e+18
721 24.000000 28.000000 6.000000 7.000000 6.201501e+18
722 24.000000 28.000000 6.000000 7.000000 6.201501e+18
723 24.000000 28.000000 6.000000 7.000000 6.201501e+18
724 24.000000 28.000000 6.000000 7.000000 6.201501e+18
725 24.000000 28.000000 6.000000 7.000000 6.201501e+18
726 24.000000 28.000000 6.000000 7.000000 6.201501e+18
727 24.000000 28.000000 6.000000 7.000000 6.201501e+18
728 24.000000 28.000000 6.000000 7.000000 6.201501e+18
729 24.000000 28.000000 6.000000 7.000000 6.201501e+18
730 24.000000 28.000000 6.000000 7.000000 6.201501e+18
731 24.000000 28.000000 6.000000 7.000000 6.201501e+18
732 24.000000 28.000000 6.000000 7.000000 6.201501e+18
733 24.000000 28.000000 6.000000 7.000000 6.201501e+18
734 24.000000 28.000000 6.000000 7.000000 6.201501e+18
735 24.000000 28.000000 6.000000 7.000000 6.201501e+18
736 24.000000 28.000000 6.000000 7.000000 6.201501e+18
737 24.000000 28.000000 6.000000 7.000000 6.201501e+18
738 24.000000 28.000000 6.000000 7.000000 6.201501e+18
739 24.000000 28.000000 6.000000 7.000000 6.201501e+18
740 24.000000 28.000000 6.000000 7.000000 6.201501e+18
741 24.000000 28.000000 6.000000 7.000000 6.201501e+18
742 24.000000 28.000000 6.000000 7.000000 6.201501e+18
743 24.000000 28.000000 6.000000 7.000000 6.201501e+18
744 24.000000 28.000000 6.000000 7.000000 6.201501e+18
745 24.000000 28.000000 6.000000 7.000000 6.201501e+18
746 24.000000 28.000000 6.000000 7.000000 6.201501e+18
747 24.000000 28.000000 6.000000 7.000000 6.201501e+18
748 24.000000 28.000000 6.000000 7.000000 6.201501e+18
749 24.000000 28.000000 6.000000 7.000000 6.201501e+18
750 24.000000 28.000000 6.000000 7.000000 6.201501e+18
751 24.000000 28.000000 6.000000 7.000000 6.201501e+18
752 24.000000 28.000000 6.000000 7.000000 6.201501e+18
753 24.000000 28.000000 6.000000 7.000000 6.201501e+18
754 24.000000 28.000000 6.000000 7.000000 6.201501e+18
755 24.000000 28.000000 6.000000 7.000000 6.201501e+18
756 24.000000 28.000000 6.000000 7.000000 6.201501e+18
757 24.000000 28.000000 6.000000 7.000000 6.201501e+18
758 24.000000 28.000000 6.000000 7.000000 6.201501e+18
759 24.000000 28.000000 6.000000 7.000000 6.201501e+18
760 24.000000 28.000000 6.000000 7.000000 6.201501e+18
761 24.000000 28.000000 6.000000 7.000000 6.201501e+18
762 24.000000 28.000000 6.000000 7.000000 6.201501e+18
763 24.000000 28.000000 6.000000 7.000000 6.201501e+18
764 24.000000 28.000000 6.000000 7.000000 6.201501e+18
765 24.000000 28.000000 6.000000 7.000000 6.201501e+18
766 24.000000 28.000000 6.000000 7.000000 6.201501e+18
767 24.000000 28.000000 6.000000 7.000000 6.201501e+18
768 24.000000 28.000000 6.000000 7.000000 6.201501e+18
769 24.000000 28.000000 6.000000 7.000000 6.201501e+18
770 24.000000 28.000000 6.000000 7.000000 6.201501e+18
771 24.000000 28.000000 6.000000 7.000000 6.201501e+18
772 24.000000 28.000000 6.000000 7.000000 6.201501e+18
773 24.000000 28.000000 6.000000 7.000000 6.201501e+18
774 24.000000 28.000000 6.000000 7.000000 6.201501e+18
775 24.000000 28.000000 6.000000 7.000000 6.201501e+18
776 24.000000 28.000000 6.000000 7.000000 6.201501e+18
777 24.000000 28.000000 6.000000 7.000000 6.201501e+18
778 24.000000 28.000000 6.000000 7.000000 6.201501e+18
779 24.000000 28.000000 6.000000 7.000000 6.201501e+18
780 24.000000 28.000000 6.000000 7.000000 6.201501e+18
781 24.000000 28.000000 6.000000 7.000000 6.201501e+18
782 24.000000 28.000000 6.000000 7.000000 6.201501e+18
783 24.000000 28.000000 6.000000 7.000000 6.201501e+18
784 24.000000 28.000000 6.000000 7.000000 6.201501e+18
785 24.000000 28.000000 6.000000 7.000000 6.201501e+18
786 24.000000 28.000000 6.000000 7.000000 6.201501e+18
787 24.000000 28.000000 6.000000 7.000000 6.201501e+18
788 24.000000 28.000000 6.000000 7.000000 6.201501e+18
789 24.000000 28.000000 6.000000 7.000000 6.201501e+18
790 24.000000 28.000000 6.000000 7.000000 6.201501e+18
791 24.000000 28.000000 6.000000 7.000000 6.201501e+18
792 24.000000 28.000000 6.000000 7.000000 6.201501e+18
793 24.000000 28.000000 6.000000 7.000000 6.201501e+18
794 24.000000 28.000000 6.000000 7.000000 6.201501e+18
795 24.000000 28.000000 6.000000 7.000000 6.201501e+18
796 24.000000 28.000000 6.000000 7.000000 6.201501e+18
797 24.000000 28.000000 6.000000 7.000000 6.201501e+18
798 24.000000 28.000000 6.000000 7.000000 6.201501e+18
799 24.000000 28.000000 6.000000 7.000000 6.201501e+18
800 24.000000 28.000000 6.000000 7.000000 6.201501e+18
801 24.000000 28.000000 6.000000 7.000000 6.201501e+18
802 24.000000 28.000000 6.000000 7.000000 6.201501e+18
803 24.000000 28.000000 6.000000 7.000000 6.201501e+18
804 24.000000 28.000000 6.000000 7.000000 6.201501e+18
805 24.000000 28.000000 6.000000 7.000000 6.201501e+18
806 24.000000 28.000000 6.000000 7.000000 6.201501e+18
807 24.000000 28.000000 6.000000 7.000000 6.201501e+18
808 24.000000 28.000000 6.000000 7.000000 6.201501e+18
809 24.000000 28.000000 6.000000 7.000000 6.201501e+18
810 24.000000 28.000000 6.000000 7.000000 6.201501e+18
811 24.000000 28.000000 6.000000 7.000000 6.201501e+18
812 24.000000 28.000000 6.000000 7.000000 6.201501e+18
813 24.000000 28.000000 6.000000 7.000000 6.201501e+18
814 24.000000 28.000000 6.000000 7.000000 6.201501e+18
815 24.000000 28.000000 6.000000 7.000000 6.201501e+18
816 24.000000 28.000000 6.000000 7.000000 6.201501e+18
817 24.000000 28.000000 6.000000 7.000000 6.201501e+18
818 24.000000 28.000000 6.000000 7.000000 6.201501e+18
819 24.000000 28.000000 6.000000 7.000000 6.201501e+18
820 24.000000 28.000000 6.000000 7.000000 6.201501e+18
821 24.000000 28.000000 6.000000 7.000000 6.201501e+18
822 24.000000 28.000000 6.000000 7.000000 6.201501e+18
823 24.000000 28.000000 6.000000 7.000000 6.201501e+18
824 24.000000 28.000000 6.000000 7.000000 6.201501e+18
825 24.000000 28.000000 6.000000 7.000000 6.201501e+18
826 24.000000 28.000000 6.000000 7.000000 6.201501e+18
827 24.000000 28.000000 6.000000 7.000000 6.201501e+18
828 24.000000 28.000000 6.000000 7.000000 6.201501e+18
829 24.000000 28.000000 6.000000 7.000000 6.201501e+18
830 24.000000 28.000000 6.000000 7.000000 6.201501e+18
831 24.000000 28.000000 6.000000 7.000000 6.201501e+18
832 24.000000 28.000000 6.000000 7.000000 6.201501e+18
833 24.000000 28.000000 6.000000 7.000000 6.201501e+18
834 24.000000 28.000000 6.000000 7.000000 6.201501e+18
835 24.000000 28.000000 6.000000 7.000000 6.201501e+18
836 24.000000 28.000000 6.000000 7.000000 6.201501e+18
837 24.000000 28.000000 6.000000 7.000000 6.201501e+18
838 24.000000 28.000000 6.000000 7.000000 6.201501e+18
839 24.000000 28.000000 6.000000 7.000000 6.201501e+18
840 24.000000 28.000000 6.000000 7.000000 6.201501e+18
841 24.000000 28.000000 6.000000 7.000000 6.201501e+18
842 24.000000 28.000000 6.000000 7.000000 6.201501e+18
843 24.000000 28.000000 6.000000 7.000000 6.201501e+18
844 24.000000 28.000000 6.000000 7.000000 6.201501e+18
845 24.000000 28.000000 6.000000 7.000000 6.201501e+18
846 24.000000 28.000000 6.000000 7.000000 6.201501e+18
847 24.000000 28.000000 6.000000 7.000000 6.201501e+18
848 24.000000 28.000000 6.000000 7.000000 6.201501e+18
849 24.000000 28.000000 6.000000 7.000000 6.201501e+18
850 24.000000 28.000000 6.000000 7.000000 6.201501e+18
851 24.000000 28.000000 6.000000 7.000000 6.201501e+18
852 24.000000 28.000000 6.000000 7.000000 6.201501e+18
853 24.000000 28.000000 6.000000 7.000000 6.201501e+18
854 24.000000 28.000000 6.000000 7.000000 6.201501e+18
855 24.000000 28.000000 6.000000 7.000000 6.201501e+18
856 24.000000 28.000000 6.000000 7.000000 6.201501e+18
857 24.000000 28.000000 6.000000 7.000000 6.201501e+18
858 24.000000 28.000000 6.000000 7.000000 6.201501e+18
859 24.000000 28.000000 6.000000 7.000000 6.201501e+18
860 24.000000 28.000000 6.000000 7.000000 6.201501e+18
861 24.000000 28.000000 6.000000 7.000000 6.201501e+18
862 24.000000 28.000000 6.000000 7.000000 6.201501e+18
863 24.000000 28.000000 6.000000 7.000000 6.201501e+18
864 24.000000 28.000000 6.000000 7.000000 6.201501e+18
865 24.000000 28.000000 6.000000 7.000000 6.201501e+18
866 24.000000 28.000000 6.000000 7.000000 6.201501e+18
867 24.000000 28.000000 6.000000 7.000000 6.201501e+18
868 24.000000 28.000000 6.000000 7.000000 6.201501e+18
869 24.000000 28.000000 6.000000 7.000000 6.201501e+18
870 24.000000 28.000000 6.000000 7.000000 6.201501e+18
871 24.000000 28.000000 6.000000 7.000000 6.201501e+18
872 24.000000 28.000000 6.000000 7.000000 6.201501e+18
873 24.000000 28.000000 6.000000 7.000000 6.201501e+18
874 24.000000 28.000000 6.000000 7.000000 6.201501e+18
875 24.000000 28.000000 6.000000 7.000000 6.201501e+18
876 24.000000 28.000000 6.000000 7.000000 6.201501e+18
877 24.000000 28.000000 6.000000 7.000000 6.201501e+18
878 24.000000 28.000000 6.000000 7.000000 6.201501e+18
879 24.000000 28.000000 6.000000 7.000000 6.201501e+18
880 24.000000 28.000000 6.000000 7.000000 6.201501e+18
881 24.000000 28.000000 6.000000 7.000000 6.201501e+18
882 24.000000 28.000000 6.000000 7.000000 6.201501e+18
883 24.000000 28.000000 6.000000 7.000000 6.201501e+18
884 24.000000 28.000000 6.000000 7.000000 6.201501e+18
885 24.000000 28.000000 6.000000 7.000000 6.201501e+18
886 24.000000 28.000000 6.000000 7.000000 6.201501e+18
887 24.000000 28.000000 6.000000 7.000000 6.201501e+18
888 24.000000 28.000000 6.000000 7.000000 6.201501e+18
889 24.000000 28.000000 6.000000 7.000000 6.201501e+18
890 24.000000 28.000000 6.000000 7.000000 6.201501e+18
891 24.000000 28.000000 6.000000 7.000000 6.201501e+18
892 24.000000 28.000000 6.000000 7.000000 6.201501e+18
893 24.000000 28.000000 6.000000 7.000000 6.201501e+18
894 24.000000 28.000000 6.000000 7.000000 6.201501e+18
895 24.000000 28.000000 6.000000 7.000000 6.201501e+18
896 24.000000 28.000000 6.000000 7.000000 6.201501e+18
897 24.000000 28.000000 6.000000 7.000000 6.201501e+18
898 24.000000 28.000000 6.000000 7.000000 6.201501e+18
899 24.000000 28.000000 6.000000 7.000000 6.201501e+18
900 24.000000 28.000000 6.000000 7.000000 6.201501e+18
901 24.000000 28.000000 6.000000 7.000000 6.201501e+18
902 24.000000 28.000000 6.000000 7.000000 6.201501e+18
903 24.000000 28.000000 6.000000 7.000000 6.201501e+18
904 24.000000 28.000000 6.000000 7.000000 6.201501e+18
905 24.000000 28.000000 6.000000 7.000000 6.201501e+18
906 24.000000 28.000000 6.000000 7.000000 6.201501e+18
907 24.000000 28.000000 6.000000 7.000000 6.201501e+18
908 24.000000 28.000000 6.000000 7.000000 6.201501e+18
909 24.000000 28.000000 6.000000 7.000000 6.201501e+18
910 24.000000 28.000000 6.000000 7.000000 6.201501e+18
911 24.000000 28.000000 6.000000 7.000000 6.201501e+18
912 24.000000 28.000000 6.000000 7.000000 6.201501e+18
913 24.000000 28.000000 6.000000 7.000000 6.201501e+18
914 24.000000 28.000000 6.000000 7.000000 6.201501e+18
915 24.000000 28.000000 6.000000 7.000000 6.201501e+18
916 24.000000 28.000000 6.000000 7.000000 6.201501e+18
917 24.000000 28.000000 6.000000 7.000000 6.201501e+18
918 24.000000 28.000000 6.000000 7.000000 6.201501e+18
919 24.000000 28.000000 6.000000 7.000000 6.201501e+18
920 24.000000 28.000000 6.000000 7.000000 6.201501e+18
921 24.000000 28.000000 6.000000 7.000000 6.201501e+18
922 24.000000 28.000000 6.000000 7.000000 6.201501e+18
923 24.000000 28.000000 6.000000 7.000000 6.201501e+18
924 24.000000 28.000000 6.000000 7.000000 6.201501e+18
925 24.000000 28.000000 6.000000 7.000000 6.201501e+18
926 24.000000 28.000000 6.000000 7.000000 6.201501e+18
927 24.000000 28.000000 6.000000 7.000000 6.201501e+18
928 24.000000 28.000000 6.000000 7.000000 6.201501e+18
929 24.000000 28.000000 6.000000 7.000000 6.201501e+18
930 24.000000 28.000000 6.000000 7.000000 6.201501e+18
931 24.000000 28.000000 6.000000 7.000000 6.201501e+18
932 24.000000 28.000000 6.000000 7.000000 6.201501e+18
933 24.000000 28.000000 6.000000 7.000000 6.201501e+18
934 24.000000 28.000000 6.000000 7.000000 6.201501e+18
935 24.000000 28.000000 6.000000 7.000000 6.201501e+18
936 24.000000 28.000000 6.000000 7.000000 6.201501e+18
937 24.000000 28.000000 6.000000 7.000000 6.201501e+18
938 24.000000 28.000000 6.000000 7.000000 6.201501e+18
939 24.000000 28.000000 6.000000 7.000000 6.201501e+18
940 24.000000 28.000000 6.000000 7.000000 6.201501e+18
941 24.000000 28.000000 6.000000 7.000000 6.201501e+18
942 24.000000 28.000000 6.000000 7.000000 6.201501e+18
943 24.000000 28.000000 6.000000 7.000000 6.201501e+18
944 24.000000 29.000000 6.000000 7.000000 5.769822e+18
945 24.000000 29.000000 6.000000 7.000000 5.769822e+18
946 24.000000 29.000000 6.000000 7.000000 5.769822e+18
947 24.000000 29.000000 6.000000 7.000000 5.769822e+18
948 24.000000 29.000000 6.000000 7.000000 5.769822e+18
949 24.000000 29.000000 6.000000 7.000000 5.769822e+18
950 24.000000 29.000000 6.000000 7.000000 5.769822e+18
951 24.000000 29.000000 6.000000 7.000000 5.769822e+18
952 24.000000 29.000000 6.000000 7.000000 5.769822e+18
953 24.000000 29.000000 6.000000 7.000000 5.769822e+18
954 24.000000 29.000000 6.000000 7.000000 5.769822e+18
955 24.000000 29.000000 6.000000 7.000000 5.769822e+18
956 24.000000 29.000000 6.000000 7.000000 5.769822e+18
957 24.000000 29.000000 6.000000 7.000000 5.769822e+18
958 24.000000 29.000000 6.000000 7.000000 5.769822e+18
959 24.000000 29.000000 6.000000 7.000000 5.769822e+18
960 24.000000 29.000000 6.000000 7.000000 5.769822e+18
961 24.000000 29.000000 6.000000 7.000000 5.769822e+18
962 24.000000 29.000000 6.000000 7.000000 5.769822e+18
963 24.000000 29.000000 6.000000 7.000000 5.769822e+18
964 24.000000 29.000000 6.000000 7.000000 5.769822e+18
965 24.000000 29.000000 6.000000 7.000000 5.769822e+18
966 24.000000 29.000000 6.000000 7.000000 5.769822e+18
967 24.000000 29.000000 6.000000 7.000000 5.769822e+18
968 24.000000 29.000000 6.000000 7.000000 5.769822e+18
969 24.000000 29.000000 6.000000 7.000000 5.769822e+18
970 24.000000 29.000000 6.000000 7.000000 5.769822e+18
971 24.000000 29.000000 6.000000 7.000000 5.769822e+18
972 24.000000 29.000000 6.000000 7.000000 5.769822e+18
973 24.000000 29.000000 6.000000 7.000000 5.769822e+18
974 24.000000 29.000000 6.000000 7.000000 5.769822e+18
975 24.000000 29.000000 6.000000 7.000000 5.769822e+18
976 24.000000 29.000000 6.000000 7.000000 5.769822e+18
977 24.000000 29.000000 6.000000 7.000000 5.769822e+18
978 24.000000 29.000000 6.000000 7.000000 5.769822e+18
979 24.000000 29.000000 6.000000 7.000000 5.769822e+18
980 24.000000 29.000000 6.000000 7.000000 5.769822e+18
981 24.000000 29.000000 6.000000 7.000000 5.769822e+18
982 24.000000 29.000000 6.000000 7.000000 5.769822e+18
983 24.000000 29.000000 6.000000 7.000000 5.769822e+18
984 24.000000 29.000000 6.000000 7.000000 5.769822e+18
985 24.000000 29.000000 6.000000 7.000000 5.769822e+18
986 24.000000 29.000000 6.000000 7.000000 5.769822e+18
987 24.000000 29.000000 6.000000 7.000000 5.769822e+18
988 24.000000 29.000000 6.000000 7.000000 5.769822e+18
989 24.000000 29.000000 6.000000 7.000000 5.769822e+18
990 24.000000 29.000000 6.000000 7.000000 5.769822e+18
991 24.000000 29.000000 6.000000 7.000000 5.769822e+18
992 24.000000 29.000000 6.000000 7.000000 5.769822e+18
993 24.000000 29.000000 6.000000 7.000000 5.769822e+18
994 24.000000 29.000000 6.000000 7.000000 5.769822e+18
995 24.000000 29.000000 6.000000 7.000000 5.769822e+18
996 24.000000 29.000000 6.000000 7.000000 5.769822e+18
997 24.000000 29.000000 6.000000 7.000000 5.769822e+18
998 24.000000 29.000000 6.000000 7.000000 5.769822e+18
999 24.000000 29.000000 6.000000 7.000000 5.769822e+18
